key: 66AC631B71CDF35797F7D92E7F4E015C
iv: 6D6420B3EB4A1FCE086C77C0963342CC
ECB    |   CBC     |   OFB     |   CFB     |   CTR     |   Encrypt Time (ms)
581.916   0.616848    0.623101    0.644053   0.627873   
663.67   0.600377    0.638771    0.611037   0.595569   
599.235   0.70158    0.708566    0.642986   0.604712   
623.013   0.595973    0.601512    0.590793   0.586788   
621.538   0.601368    0.591871    0.591681   0.614719   
667.393   0.607494    0.594202    0.613606   0.595433   
583.122   0.615624    0.615606    0.603013   0.59701   
597.189   0.614331    0.597141    0.588665   0.590656   
603.151   0.644245    0.591661    0.588936   0.603911   
591.164   0.59711    0.614805    0.591556   0.582473   
617.863   0.615527    0.596374    0.605883   0.586568   
627.512   0.583129    0.599054    0.587736   0.650395   
589.174   0.59329    0.597458    0.635895   0.593241   
593.46   0.599424    0.589977    0.618853   0.59273   
596.243   0.59619    0.617872    0.613568   0.598856   
591.619   0.658566    0.595271    0.58914   0.592134   
649.279   0.587831    0.594688    0.610064   0.594288   
616.034   0.591003    0.588236    0.613282   0.62015   
604.923   0.596305    0.601511    0.599164   0.651968   
596.513   0.61988    0.590684    0.642371   0.587355   
589.017   0.589709    0.631583    0.602596   0.617649   
589.887   0.618361    0.611288    0.591696   0.58526   
599.698   0.612226    0.610556    0.593047   0.603613   
607.682   0.605616    0.60344    0.595846   0.599958   
607.851   0.613154    0.600765    0.600083   0.623066   
608.604   0.65754    0.584783    0.626135   0.593986   
590.257   0.592183    0.633229    0.590975   0.618885   
590.6   0.597354    0.607199    0.605855   0.595159   
588.653   0.617063    0.596827    0.606236   0.59903   
618.72   0.582458    0.617159    0.594777   0.616937   
587.994   0.596896    0.593434    0.607369   0.640296   
594.717   0.593242    0.587835    0.623318   0.597591   
593.879   0.591657    0.607574    0.604022   0.588782   
613.149   0.628664    0.586794    0.605837   0.59394   
617.538   0.598538    0.594041    0.598638   0.623974   
591.056   0.663941    0.6183    0.594138   0.619348   
586.094   0.598529    0.596805    0.6312   0.586489   
616.867   0.643445    0.637531    0.594797   0.600475   
589.836   0.613036    0.595464    0.598553   0.593932   
604.835   0.613082    0.591858    0.595546   0.593269   
635.878   0.592734    0.607647    0.694268   0.609576   
635.181   0.614448    0.593167    0.643841   0.599989   
590.925   0.594754    0.623508    0.599737   0.613786   
589.22   0.625717    0.589914    0.595207   0.607305   
630.368   0.59792    0.592666    0.587129   0.592575   
701.77   0.586572    0.613869    0.59344   0.637582   
594.018   0.592404    0.619363    0.617179   0.607447   
587.344   0.586151    0.630403    0.64889   0.663348   
639.207   0.614342    0.59396    0.603353   0.607907   
624.171   0.598522    0.591546    0.599818   0.597001   
619.148   0.591576    0.605412    0.593516   0.625384   
587.096   0.596107    0.591126    0.64016   0.587281   
585.269   0.584329    0.667349    0.612872   0.587855   
595.46   0.603553    0.638188    0.596097   0.590821   
588.708   0.592526    0.62834    0.663418   0.595767   
648.039   0.606707    0.620924    0.597903   0.591048   
651.17   0.603284    0.594974    0.593062   0.627986   
595.626   0.600996    0.595764    0.598368   0.616538   
600.612   0.598641    0.59289    0.619212   0.599853   
596.601   0.591197    0.623967    0.606256   0.599633   
592.098   0.620688    0.593991    0.599594   0.599228   
627.579   0.588575    0.592208    0.595163   0.60008   
610.965   0.594881    0.593095    0.598372   0.650809   
592.346   0.602564    0.586254    0.632376   0.601505   
605.581   0.588734    0.598651    0.590155   0.635891   
650.612   0.587731    0.595045    0.629241   0.598795   
582.971   0.635702    0.620605    0.596383   0.594468   
588.219   0.648455    0.587746    0.600586   0.603145   
613.129   0.591238    0.604729    0.591716   0.601272   
621.18   0.659145    0.589579    0.590541   0.618745   
617.572   0.601962    0.61067    0.622453   0.589393   
604.786   0.6056    0.622526    0.594566   0.593829   
583.901   0.636216    0.601044    0.599726   0.603716   
590.152   0.614096    0.595655    0.59343   0.59103   
616.743   0.589106    0.598835    0.646341   0.712031   
580.563   0.643973    0.591818    0.639007   0.585506   
596.131   0.600658    0.633121    0.609514   0.589707   
591.55   0.639794    0.590342    0.591883   0.590314   
592.637   0.619351    0.592004    0.601845   0.595829   
629.856   0.588613    0.593974    0.594627   0.601499   
629.296   0.603649    0.589333    0.627125   0.605601   
601.78   0.617629    0.601784    0.613747   0.58674   
591.123   0.592332    0.635846    0.590838   0.596795   
596.369   0.647556    0.633729    0.606857   0.583746   
632.044   0.589233    0.590629    0.593407   0.626739   
606.604   0.605106    0.595428    0.604543   0.61189   
644.175   0.601969    0.593198    0.615603   0.584804   
603.677   0.60033    0.625829    0.597767   0.584284   
588.395   0.607491    0.606917    0.603383   0.590241   
651.566   0.595335    0.598886    0.606359   0.588931   
622.198   0.593324    0.608152    0.591458   0.635474   
598.404   0.603757    0.594892    0.618743   0.582324   
608.328   0.603407    0.62523    0.591914   0.59886   
589.031   0.596022    0.635135    0.594337   0.589181   
601.516   0.609202    0.60105    0.595487   0.600447   
700.464   0.597802    0.593498    0.605964   0.615912   
603.677   0.609264    0.59106    0.632758   0.5951   
595.468   0.588265    0.612243    0.600544   0.590255   
596.96   0.592948    0.642599    0.608139   0.593233   
593.95   0.624507    0.605401    0.599204   0.59691   
key: 66AC631B71CDF35797F7D92E7F4E015C
iv: 00000000000000000000000000000000
ECB    |   CBC     |   OFB     |   CFB     |   CTR     |   Decrypt Time (ms)
346.32   316.416   718.545   1049.91   884.125
384.92   362.89   814.77   1129.13   892.117
354.647   357.35   826.187   1053.67   823.602
343.874   332.479   759.619   960.339   759.282
329.59   325.538   773.705   1027.59   766.477
357.174   347.853   712.727   944.563   743.594
332.382   360.889   741.305   1117.35   857.473
405.632   406.761   810.288   1129.83   841.698
377.702   403.584   845.199   1066.15   724.39
318.217   357.099   712.455   947.417   787.539
332.65   352.626   746.243   1004.57   748.983
332.105   362.822   739.453   958.525   756.793
330.608   355.27   789.041   981.12   755.473
341.307   355.48   838.604   1189.79   868.762
410.139   380.892   788.039   988.676   737.638
323.57   359.817   730.166   1050.48   807.709
356.009   452.415   824.559   1059.22   773.162
355.227   372.478   972.088   1062.13   827.06
341.711   377.035   784.555   1085.4   760.717
333.022   362.133   752.754   1039.1   855.504
393.101   356.504   777.249   987.685   748.086
374.688   337.222   710.728   1194.18   799.823
379.839   395.854   905.009   986.27   726.132
328.495   361.367   777.991   989.943   753.86
383.467   439.903   884.287   1102.1   854.524
408.858   406.333   870.187   1157.6   849.664
391.924   383.453   745.069   982.497   786.41
317.98   335.552   717.396   960.947   724.347
337.115   358.846   779.993   992.206   741.618
328.169   374.441   782.175   973.971   756.878
369.95   358.962   748.502   1040.65   861.668
353.471   425.049   840.954   1087.65   822.848
367.98   376.648   818.425   1043.48   760.707
324.811   359.63   711.373   942.785   743.148
319.204   335.903   705.912   940.027   779.551
333.259   356.28   737.468   1002.94   747.064
334.095   363.103   768.932   992.791   750.823
335.54   357.311   778.587   1026.86   766.937
366.765   339.909   712.415   1218.31   775.683
326.368   368.327   755.925   1028.31   873.559
356.323   426.007   776.93   1058.68   848.743
372.523   408.002   929.136   1057.7   845.924
356.01   410.067   816.301   1012.41   778.678
332.742   361.641   714.674   965.946   716.917
318.409   336.256   711.461   967.541   754.479
329.633   360.214   781.394   991.667   768.862
342.235   403.38   779.324   1055.78   753.476
362.618   364.195   784.888   1110.6   848.81
337.238   360.885   739.309   995.864   781.818
371.788   418.148   831.861   1137.25   761.532
382.554   396.584   829.131   1102.97   747.108
318.454   359.41   721.475   952.352   827.39
347.977   365.455   908.475   990.648   798.718
332.162   356.533   743.166   1018.97   746.177
337.135   357.22   778.092   974.864   759.329
378.253   445.131   816.418   1081.83   816.109
328.328   336.686   728.921   941.753   723.789
378.059   356.844   785.322   1104.02   784.179
340.568   355.927   749.644   980.339   846.771
331.626   362.595   749.729   1011.15   751.288
331.198   374.101   851.869   1068.18   723
318.522   336.827   739.158   946.491   795.792
420.623   413.938   802.744   1058.21   865.669
365.164   379.096   738.784   998.135   742.505
335.904   355.527   736.944   978.875   718.648
317.739   335.317   742.795   979.543   755.552
339.193   404.32   740.761   981.061   774.602
361.533   390.713   865.514   1073.57   804.323
374.594   427.691   803.256   1120.7   839.8
370.728   403.184   829.036   967.24   754.911
332.966   398.714   721.964   940.775   719.254
342.464   335.288   715.775   940.641   764.986
341.639   367.653   762.188   1044.82   791.507
363.728   383.627   758.552   1007.84   787.294
378.342   397.538   882.118   992.838   807.792
399.103   408.079   862.341   1070.35   825.527
373.127   359.836   770.023   966.953   724.122
327.483   353.196   752.884   940.538   767.238
340.092   358.242   734.441   1017.49   758.051
331.537   356.567   741.87   1009.98   762.685
341.172   372.825   821.11   1102.59   754.832
330.837   351.54   739.741   941.552   717.843
319.396   362.72   725.627   1043.02   857.406
371.669   406.247   829.162   1088.55   812.805
343.704   365.125   740.446   1011.37   753.717
337.386   354.177   780.192   988.59   757.055
339.189   378.726   741.012   1046.04   800.56
337.127   336.291   712.386   939.601   746.802
319.408   347.673   756.981   1020.15   756.147
375.414   373.138   830.061   1137.9   840.33
346.823   440.283   794.294   1084.96   816.448
400.311   394.791   787.691   996.07   777.353
334.782   352.242   766.776   1031.09   738.479
320.499   335.002   714.181   962.907   720.713
338.765   355.562   784.85   975.889   745.352
358.698   353.841   795.586   1105.78   957.846
370.502   402.944   818.84   1116.98   813.777
357.156   379.349   881.867   1128.85   794.57
342.924   353.502   735.92   940.273   718.804
344.862   335.239   713.478   949.226   781.665
-rw-r--r--  1 Jeff  staff  10485792 Aug 11 01:54 ciphertextcbc.txt
-rw-r--r--  1 Jeff  staff  10485760 Aug 11 01:54 ciphertextcfb.txt
-rw-r--r--  1 Jeff  staff  10485760 Aug 11 01:54 ciphertextctr.txt
-rw-r--r--  1 Jeff  staff  10485792 Aug 11 01:54 ciphertextecb.txt
-rw-r--r--  1 Jeff  staff  10485760 Aug 11 01:54 ciphertextofb.txt
-rw-r--r--  1 Jeff  staff        32 Aug  9 23:22 plaintext.txt
-rw-r--r--  1 Jeff  staff   5242880 Aug 11 02:00 plaintextcbc.txt
-rw-r--r--  1 Jeff  staff   5242880 Aug 11 02:00 plaintextcfb.txt
-rw-r--r--  1 Jeff  staff   5242880 Aug 11 02:00 plaintextctr.txt
-rw-r--r--  1 Jeff  staff   5242880 Aug 11 02:00 plaintextecb.txt
-rw-r--r--  1 Jeff  staff   5242880 Aug 11 02:00 plaintextofb.txt
