key: 66AC631B71CDF35797F7D92E7F4E015C
iv: BED9C9881255514875F5299626D89C93
ECB    |   CBC     |   OFB     |   CFB     |   CTR     |   Encrypt Time (ms)
1182.73   1.18812    1.19958    1.1821   1.15435   
1172.77   1.15976    1.18784    1.16221   1.17974   
1154.8   1.21098    1.22085    1.19278   1.15514   
1250.98   1.15721    1.18405    1.1607   1.15342   
1167.97   1.15328    1.18862    1.16308   1.17873   
1155.16   1.17483    1.16576    1.18972   1.15558   
1178.22   1.15877    1.18395    1.16189   1.17176   
1155.84   1.15989    1.18951    1.16362   1.18111   
1150.56   1.26021    1.16818    1.18062   1.15543   
1183.57   1.16341    1.19256    1.19024   1.24381   
1205.09   1.26333    1.23695    1.2449   1.21393   
1220.92   1.19687    1.2219    1.16421   1.18216   
1153.12   1.17843    1.16407    1.1896   1.15569   
1172.1   1.22841    1.23833    1.20911   1.22672   
1221.29   1.19573    1.18193    1.16397   1.18099   
1153.98   1.18317    1.16372    1.18974   1.15282   
1175.93   1.15658    1.16434    1.1911   1.15262   
1179.62   1.16261    1.19139    1.16268   1.17991   
1156.18   1.18363    1.29121    1.18864   1.15227   
1178.78   1.154    1.18528    1.16255   1.15172   
1174.17   1.15561    1.18693    1.16252   1.17681   
1152.9   1.18288    1.16595    1.19167   1.15385   
1175.81   1.15537    1.16476    1.19141   1.15264   
1182.62   1.15548    1.18257    1.24822   1.17174   
1151.91   1.18348    1.16307    1.17751   1.15462   
1178.39   1.16128    1.22253    1.17236   1.18102   
1153.47   1.183    1.18299    1.19893   1.18076   
1153.05   1.17515    1.16246    1.18293   1.15304   
1169.64   1.15562    1.16375    1.19571   1.25648   
1182.39   1.15643    1.19131    1.16063   1.1729   
1154.64   1.18151    1.16547    1.19046   1.15557   
1154.76   1.19373    1.16507    1.18368   1.15498   
1177.91   1.15534    1.19017    1.17328   1.19858   
1153.76   1.17216    1.16285    1.16363   1.17722   
1260.32   1.15667    1.16356    1.18458   1.15501   
1173.51   1.15741    1.18882    1.16114   1.1734   
1152.48   1.18164    1.163    1.18233   1.15467   
1175.4   1.15493    1.19029    1.16114   1.15602   
1184.78   1.15734    1.1906    1.15983   1.17866   
1158.05   1.26023    1.16455    1.1858   1.1564   
1174.33   1.15625    1.2252    1.16167   1.17976   
1156.14   1.17482    1.16419    1.16074   1.17941   
1155.4   1.18244    1.16365    1.18613   1.15247   
1173.49   1.15637    1.18424    1.16101   1.15226   
1184.74   1.16114    1.21555    1.16367   1.17533   
1159.89   1.16868    1.16339    1.1933   1.15566   
1168.84   1.15889    1.1905    1.16178   1.18315   
1184.99   1.19666    1.16522    1.16208   1.18901   
1155.75   1.17707    1.16697    1.29919   1.1652   
1176.97   1.15507    1.26937    1.17079   1.17826   
1154.52   1.17596    1.16403    1.18858   1.15182   
1192.1   1.16154    1.18076    1.16479   1.15745   
1185.73   1.15864    1.31847    1.35422   1.29098   
1220.62   1.25777    1.1686    1.19133   1.15284   
1179.52   1.1616    1.18202    1.26939   1.17329   
1149.2   1.189    1.16324    1.18765   1.16209   
1155.51   1.2834    1.17323    1.18343   1.15118   
1170.25   1.15626    1.18627    1.16238   1.18223   
1154.8   1.18878    1.68292    2.14634   1.19443   
1173.92   1.225    1.18204    1.56617   1.17167   
1218.31   1.64988    3.12236    1.20859   1.18825   
1203.5   1.20548    1.19316    1.17606   1.19933   
1186.97   1.20112    1.19573    1.24627   1.194   
1216.95   1.21794    1.19499    1.19388   1.20109   
1171.2   1.48387    1.38951    1.19522   1.208   
1203.59   1.18646    1.20764    1.20371   1.20001   
1171.74   1.17889    1.21461    1.19026   1.19249   
1170.16   1.19431    1.17201    1.19958   1.18613   
1195.81   1.17097    1.18626    1.20681   1.16971   
1187.17   1.2098    1.19926    1.30403   1.20016   
1174.84   1.21149    1.18302    1.19992   1.17043   
1179.43   1.2169    1.18647    1.23552   1.17326   
1192.47   1.16728    1.25257    1.18607   1.21545   
1177.13   1.19596    1.2248    1.20352   1.16417   
1225.03   1.16625    1.1929    1.21195   1.23361   
1207.87   1.20729    1.21207    1.19056   1.20613   
1182.68   1.18275    1.16524    1.18077   1.15981   
1175.94   1.15913    1.19358    1.16726   1.18172   
1152.01   1.17597    1.18549    1.16557   1.19448   
1153.85   1.17608    1.16619    1.19251   1.24492   
1175.35   1.17586    1.18217    1.16332   1.17715   
1151.79   1.18214    1.16386    1.18902   1.156   
1179.87   1.17231    1.16403    1.1861   1.15459   
1285.19   1.23533    1.89085    1.36328   1.38016   
1678.15   1.23509    1.23847    1.17123   1.28462   
1154.1   1.18131    1.16294    1.16333   1.18387   
1154.74   1.18895    1.16551    1.19119   1.15744   
1178.36   1.15568    1.18468    1.16328   1.17936   
1153.95   1.18236    1.17546    1.18374   1.15284   
1152.46   1.1768    1.16364    1.21375   1.15439   
1269.34   1.16    1.19    1.16211   1.18234   
1154.67   1.17809    1.16797    1.18713   1.15794   
1181.66   1.20602    1.17612    1.18321   1.17232   
1177.73   1.16349    1.16434    1.19187   1.1564   
1173.9   1.16445    1.18941    1.16623   1.17959   
1153.11   1.27629    1.16193    1.18994   1.155   
1179.92   1.15799    1.18925    1.16249   1.17865   
1155.11   1.18381    1.1635    1.16158   1.18193   
1154.7   1.17939    1.16441    1.18279   1.15305   
1176.18   1.157    1.18607    1.16296   1.17817   
key: 66AC631B71CDF35797F7D92E7F4E015C
iv: 00000000000000000000000000000000
ECB    |   CBC     |   OFB     |   CFB     |   CTR     |   Decrypt Time (ms)
641.206   643.947   1441.47   1621.3   1810.52
708.578   961.841   1814.28   1673.32   1712.2
803.966   779.098   1637.44   1598.27   1516.18
687.5   718.176   1569.55   1765.63   1675.2
821.813   821.816   1688.6   1717.86   1533.99
657.535   787.074   1482.3   1681.7   1681.31
735.141   741.466   1753.6   1806.99   1740.21
736.676   758.948   1549.42   1579.37   1652.42
686.184   810.305   1704.14   1786.55   1713.13
747.133   806.452   1637.38   1638.04   1540.98
654.034   654.941   1519.27   1679.52   1623.46
775.791   727.634   1743.72   1818.91   1638.14
759.538   674.868   1599.68   1729.93   1465.36
759.428   657.069   1509.64   1532.08   1792.13
730.633   734.351   1655.06   1804.3   1577.63
881.071   746.864   1659.68   1640.48   1432.43
668.942   692.474   1528.08   1635.46   1519.19
820.674   713.312   1640.57   1710.18   1606.53
707.581   742.678   1577.14   1656.82   1551.68
703.941   660.564   1646.53   1573.69   1534.44
771.28   770.346   1565.06   1725.06   1633.52
783.804   749.871   1636.67   1713.13   1485.39
648.945   659.797   1446.69   1544.42   1677.35
799.472   767.935   1698.93   1679.61   1834.94
826.377   869.563   1554.93   1722.6   1466.13
810.838   659.83   1514.03   1615.2   1415.93
713.805   644.135   1363.03   1467.53   1389.71
734.674   635.676   1499.67   1568.96   1440.18
634.729   630.139   1396.45   1458.85   1433.74
696.672   630.394   1568.86   1541.32   1550.63
738.097   868.727   1619.33   1734.19   1606.42
719.667   659.781   1516.07   1559.33   1561.42
760.692   818.815   1630.34   1646.86   1421.71
675.026   657.652   1425.97   1497.76   1419.24
679.151   653.699   1465.81   1550.24   1502.82
790.188   730.732   1604.36   1559.49   1453.68
623.679   630.867   1411.56   1809.21   1434.86
676.621   655.478   1431.75   1564.57   1478.53
627.515   656.38   1367.23   1482.51   1393.77
688.817   626.516   1554.14   1493.78   1419.48
625.435   628.449   1393.19   1453.66   1407.12
672.556   626.506   1511.2   1644.14   1442.6
656.893   628.847   1364.89   1488.06   1398.56
701.167   628.987   1476.64   1646.45   1628.7
738.671   755.404   1611.84   1706.58   1611.63
812.855   733.797   1528.11   1493.02   1428.93
653.331   738.971   1533.42   1595.62   1619.64
810.661   724.178   1657.31   1757.9   1581.23
711.124   731.902   1550.96   1572.38   1427.89
728.755   663.565   1518.81   1641.01   1460.79
744.455   762.681   1713   1656.24   1593
843.023   784.873   1483.9   1493.18   1483.17
664.995   665.183   1453.23   1586.29   1571.61
737.582   854.175   1558.28   1524.8   1395.8
624.443   655.752   1367.69   1492.93   1392.65
712.643   667.903   1493.87   1538.3   1463.79
678.07   767.066   1705.7   1639.18   1483.18
701.659   628.449   1467.19   1505.78   1412.19
624.151   656.977   1376.78   1516.95   1702.5
904.781   784.65   1778.51   1872.27   1617.51
689.663   656.763   1450.22   1546.86   1544.56
761.088   713.134   1638.26   1719.66   1499.2
661.119   667.746   1443.63   1504.62   1695.17
771.942   759.63   1629.22   1728.31   1673.78
734.891   760.547   1529.71   1497.44   1457.6
744.229   656.929   1472.51   1638.07   1643.54
741.453   761.741   1568.53   1737.97   1624.24
769.709   661.062   1469.66   1578.55   1466.56
704.765   754.908   1527.26   1700.65   1582.84
844.901   762.862   1694.75   1566.86   1502.19
660.527   666.272   1476.26   1755   1562.26
894.174   747.641   1805.74   1662.91   1571.29
761.49   745.166   1422.4   1545.32   1441.82
717.316   762.231   1776.78   1774.72   1610.94
921.032   759.124   1566.56   1555.3   1435.51
697.936   644.208   1480.19   1471.29   1420.34
624.3   629.309   1394.01   1554.32   1444.48
760.949   661.566   1433.48   1527.59   1432.13
628.699   628.843   1385.4   1465.59   1440.34
793.956   766.596   1741.38   1852.08   1599.58
737.826   727.185   1479.07   1500.49   1453.24
741.718   665.127   1540.15   1721.73   1619.32
722.292   725.977   1488.18   1515.74   1480.86
731.287   667.764   1533.3   1543.66   1623.73
739.325   816.115   1545.53   1560.77   1461.12
716.757   675.779   1578.68   1772.74   1620.17
709.127   676.414   1390.66   1579.74   1566.35
832.273   789.322   1513.62   1548.38   1502.21
682.679   709.977   1627   1545.28   1545.14
869.637   701.348   1508.1   1579.9   1480.77
727.427   772.689   1628.73   1688.56   1619.74
812.785   692.978   1501.94   1524.55   1494.9
662.936   692.771   1500.51   1595.27   1582.6
835.609   795.057   1649.23   1589.57   1663.87
746.881   718.364   1560.29   1692.62   1448.33
751.298   657.944   1519.87   1547   1570.25
727.742   708.782   1643.83   1714.11   1671.26
793.963   784.622   1610.37   1574.26   1419.71
653.311   631.684   1386.29   1528.63   1553.6
712.13   677.411   1662.34   1723.55   1611.4
-rw-r--r--  1 Jeff  staff  20971552 Aug 11 02:34 ciphertextcbc.txt
-rw-r--r--  1 Jeff  staff  20971520 Aug 11 02:34 ciphertextcfb.txt
-rw-r--r--  1 Jeff  staff  20971520 Aug 11 02:34 ciphertextctr.txt
-rw-r--r--  1 Jeff  staff  20971552 Aug 11 02:34 ciphertextecb.txt
-rw-r--r--  1 Jeff  staff  20971520 Aug 11 02:34 ciphertextofb.txt
-rw-r--r--  1 Jeff  staff        32 Aug  9 23:22 plaintext.txt
-rw-r--r--  1 Jeff  staff  10485760 Aug 11 02:44 plaintextcbc.txt
-rw-r--r--  1 Jeff  staff  10485760 Aug 11 02:44 plaintextcfb.txt
-rw-r--r--  1 Jeff  staff  10485760 Aug 11 02:44 plaintextctr.txt
-rw-r--r--  1 Jeff  staff  10485760 Aug 11 02:44 plaintextecb.txt
-rw-r--r--  1 Jeff  staff  10485760 Aug 11 02:44 plaintextofb.txt
