key: 66AC631B71CDF35797F7D92E7F4E015C
iv: 2FBAED142B77E1DA59526439A380BB37
ECB    |   CBC     |   OFB     |   CFB     |   CTR     |   Encrypt Time (ms)
0.359   0.000117    0.000105    0.000105   0.000104   
0.105   0.000104    0.0001    9.2e-05   8.9e-05   
0.092   9.1e-05    9.3e-05    0.000103   8.4e-05   
0.087   8.4e-05    0.000229    7.6e-05   8.2e-05   
0.089   8.5e-05    8.5e-05    8.2e-05   8e-05   
0.213   8e-05    8.4e-05    8.1e-05   8.1e-05   
0.084   8.8e-05    8e-05    8.1e-05   0.000239   
0.086   0.000104    0.000102    7.6e-05   0.000123   
0.08   8e-05    0.000226    0.0001   8.2e-05   
0.082   7.9e-05    7.5e-05    7.5e-05   7.4e-05   
0.078   7.8e-05    7.4e-05    7.5e-05   7.5e-05   
0.079   7.9e-05    7.5e-05    7.8e-05   7.6e-05   
0.078   7.7e-05    7.5e-05    8.3e-05   6.7e-05   
0.435   0.001775    0.000224    6.5e-05   7.8e-05   
0.155   6.7e-05    6.3e-05    6.1e-05   6.3e-05   
0.085   6.6e-05    6.1e-05    6.1e-05   6e-05   
0.065   8.7e-05    6.2e-05    0.003805   7.5e-05   
0.061   8.6e-05    5.9e-05    5.6e-05   7.6e-05   
0.058   6.2e-05    6.6e-05    0.00021   5.6e-05   
0.058   5.6e-05    5.4e-05    5.4e-05   5.3e-05   
0.091   7.7e-05    5.6e-05    5.4e-05   5.3e-05   
0.057   5.5e-05    5.3e-05    5.3e-05   5.4e-05   
0.055   5.5e-05    5.4e-05    5.3e-05   5.2e-05   
0.055   5.5e-05    5.2e-05    5.3e-05   5.2e-05   
0.387   9.1e-05    5.4e-05    5.4e-05   0.005832   
0.313   5.9e-05    6e-05    5.6e-05   5.4e-05   
0.056   5.5e-05    5.4e-05    5.3e-05   5.2e-05   
0.057   5.5e-05    5.3e-05    5.3e-05   5.3e-05   
0.057   0.000176    5.6e-05    5.5e-05   5.2e-05   
0.056   5.5e-05    5.3e-05    5.2e-05   5.3e-05   
30.164   0.00042    5.5e-05    5.6e-05   6e-05   
0.056   5.6e-05    5.8e-05    0.000281   5.6e-05   
0.057   5.7e-05    5.3e-05    0.000353   5.3e-05   
0.055   5.4e-05    5.3e-05    0.003734   5.5e-05   
0.057   5.6e-05    5.3e-05    5.3e-05   0.000236   
0.063   6.3e-05    5.7e-05    5.8e-05   6e-05   
0.063   6e-05    5.8e-05    5.9e-05   0.000147   
0.061   6e-05    5.8e-05    6e-05   5.7e-05   
0.055   6e-05    5.8e-05    6.2e-05   5.8e-05   
0.06   6e-05    5.8e-05    5.8e-05   5.7e-05   
0.059   0.000144    5.4e-05    5.8e-05   5.3e-05   
0.055   5.9e-05    0.008179    0.000797   7.6e-05   
0.082   5.6e-05    5.4e-05    5.3e-05   5.3e-05   
0.085   5.5e-05    0.000237    5.6e-05   5.3e-05   
0.056   5.7e-05    5.3e-05    5.3e-05   5.2e-05   
0.187   0.000124    6.2e-05    5.9e-05   5.8e-05   
0.06   6.1e-05    5.8e-05    6.1e-05   0.000166   
0.057   5.9e-05    6e-05    5.3e-05   5.7e-05   
0.061   6.2e-05    5.9e-05    5.8e-05   5.8e-05   
0.06   6e-05    5.8e-05    5.7e-05   6e-05   
0.061   0.000157    5.6e-05    7.6e-05   5.3e-05   
0.091   5.5e-05    5.3e-05    5.3e-05   5.4e-05   
0.055   5.6e-05    5.2e-05    5.1e-05   5.2e-05   
0.056   0.001422    5.4e-05    0.011055   0.000284   
0.115   0.000115    0.000109    0.000101   9.9e-05   
0.113   0.000261    0.000222    0.000706   8e-05   
0.088   8.1e-05    7.7e-05    7.5e-05   7.5e-05   
0.135   0.000158    7.8e-05    7.7e-05   7.7e-05   
0.08   8e-05    0.000248    7.8e-05   7.4e-05   
0.132   8.2e-05    7.7e-05    7.6e-05   7.4e-05   
0.079   7.8e-05    7.5e-05    7.6e-05   7.3e-05   
0.107   8e-05    7.6e-05    7.4e-05   7.4e-05   
1.651   9.1e-05    8e-05    8.8e-05   7.9e-05   
0.08   8e-05    8.4e-05    7.2e-05   0.000181   
0.072   7.7e-05    7.3e-05    6.7e-05   6.6e-05   
0.078   7.5e-05    7.2e-05    0.000179   6.8e-05   
0.071   7.1e-05    6.7e-05    0.001372   6.7e-05   
0.064   0.000113    0.000105    6.3e-05   6.2e-05   
0.064   6.4e-05    6.1e-05    6e-05   6e-05   
0.159   6.3e-05    0.01291    0.000786   6.4e-05   
0.069   6.4e-05    5.3e-05    0.000198   5.6e-05   
0.061   0.000106    7.4e-05    7.2e-05   7.2e-05   
0.058   5.6e-05    5.4e-05    5.3e-05   5.2e-05   
0.165   5.8e-05    5.5e-05    5.4e-05   5.3e-05   
0.055   5.5e-05    5.2e-05    5.3e-05   7.6e-05   
0.077   5.5e-05    5.3e-05    5.2e-05   0.007948   
0.082   8e-05    5.8e-05    7.4e-05   9.2e-05   
0.058   5.5e-05    0.000136    5.4e-05   7.2e-05   
0.075   7.3e-05    6.9e-05    7.1e-05   5.1e-05   
0.072   0.000207    5.3e-05    5.1e-05   7e-05   
0.074   9.3e-05    7.1e-05    6.9e-05   0.000199   
0.057   7.1e-05    6.9e-05    6.4e-05   5.4e-05   
0.063   5.6e-05    5.3e-05    6.4e-05   5.2e-05   
0.061   6.1e-05    5.7e-05    5.3e-05   5.3e-05   
0.056   5.6e-05    5.3e-05    5.3e-05   5.3e-05   
0.056   5.6e-05    5.8e-05    6e-05   5.7e-05   
0.063   5.9e-05    5.2e-05    0.000298   8.7e-05   
0.062   6e-05    5.4e-05    5.3e-05   5.4e-05   
0.055   0.000109    5.4e-05    5.3e-05   5.3e-05   
0.063   5.9e-05    5.4e-05    5.8e-05   5.7e-05   
0.06   6.1e-05    5.8e-05    5.9e-05   5.8e-05   
0.061   6e-05    5.8e-05    5.7e-05   5.7e-05   
0.06   5.9e-05    5.7e-05    5.8e-05   5.3e-05   
0.056   0.000578    5.8e-05    5.5e-05   5.8e-05   
0.06   6e-05    5.4e-05    5.3e-05   5.2e-05   
12.14   6.4e-05    6.5e-05    5.7e-05   8.6e-05   
0.056   0.000196    7.3e-05    0.001085   5.2e-05   
0.056   5.6e-05    5.2e-05    5.3e-05   5.3e-05   
0.084   5.6e-05    5.5e-05    5.2e-05   5.2e-05   
9.027   5.6e-05    5.4e-05    5.8e-05   5.5e-05   
key: 66AC631B71CDF35797F7D92E7F4E015C
iv: 00000000000000000000000000000000
ECB    |   CBC     |   OFB     |   CFB     |   CTR     |   Decrypt Time (ms)
0.231   0.103   0.107   0.097   0.108
0.082   0.086   0.083   0.187   0.079
0.082   0.078   0.093   0.151   0.076
0.08   0.071   0.103   0.078   0.069
0.081   0.077   0.199   0.07   0.075
0.082   0.071   0.076   0.076   0.078
0.08   0.106   0.077   0.074   0.247
0.071   0.069   0.068   0.075   0.076
0.079   0.068   0.19   0.076   0.892
0.075   0.069   0.07   0.638   0.062
0.064   0.062   0.062   0.06   0.06
0.062   0.064   0.061   0.061   0.062
0.066   0.06   3.741   0.057   0.055
0.063   0.061   0.061   0.06   0.21
0.056   0.057   0.055   0.055   1.422
0.066   0.06   0.062   0.062   0.065
0.079   0.048   0.049   0.226   0.05
0.056   0.05   0.048   0.048   0.048
0.049   0.05   0.052   0.052   0.047
0.05   18.936   0.064   0.219   0.07
0.062   0.055   0.053   0.053   0.06
0.053   0.049   0.049   4.033   0.057
0.056   0.054   0.054   0.052   0.163
0.054   0.055   0.05   0.048   0.049
0.051   0.054   0.164   0.157   0.05
0.057   0.05   0.052   0.082   0.059
0.142   0.05   0.049   0.048   0.053
0.056   0.049   0.054   0.057   0.059
0.058   0.05   0.049   0.049   0.048
0.051   0.048   0.053   0.048   0.049
0.05   0.048   0.048   0.048   0.052
0.052   0.096   0.055   0.053   0.048
0.058   0.057   0.049   0.048   11.065
0.602   0.056   0.052   0.056   0.053
0.054   0.052   0.051   0.348   0.051
0.052   0.05   0.049   0.282   0.051
0.072   0.088   0.049   0.048   0.049
0.051   0.049   0.049   0.048   0.05
0.051   0.048   0.048   0.047   0.049
0.049   0.049   0.048   0.05   0.067
0.051   0.048   0.049   0.05   0.049
0.05   0.049   0.125   0.054   0.088
0.051   0.049   0.049   0.861   0.052
0.053   0.049   0.092   8.827   0.863
0.056   0.053   0.053   0.058   0.053
0.05   0.185   0.058   0.048   0.049
0.051   0.049   0.052   0.052   0.056
0.138   0.05   0.05   0.056   0.054
0.05   0.049   0.35   0.099   0.05
0.051   0.054   0.055   0.055   0.054
0.051   0.049   0.131   24.286   0.057
0.059   0.049   0.054   0.052   0.053
0.053   0.056   0.048   0.047   0.049
0.05   0.069   0.282   0.049   0.049
0.053   0.048   0.05   0.054   0.053
0.057   0.054   0.055   0.053   0.141
0.056   0.053   0.052   0.053   0.048
0.049   0.048   0.167   0.05   0.058
0.056   0.049   0.048   0.048   0.048
0.051   0.181   0.049   0.053   0.048
0.05   0.048   0.051   0.047   0.051
0.175   0.068   0.05   0.05   0.048
1.282   0.051   0.05   0.05   0.048
9.898   0.341   0.056   0.053   0.056
0.055   0.048   0.068   0.191   0.05
0.052   0.049   0.049   0.075   0.08
0.052   0.049   0.049   0.048   0.048
0.05   0.06   0.049   0.049   0.067
0.14   0.055   0.053   0.053   0.055
0.056   0.053   0.049   0.048   0.137
0.051   0.068   0.053   0.05   0.049
0.067   0.053   0.063   0.049   0.055
0.052   0.049   0.049   0.048   0.048
0.05   0.054   0.066   0.071   0.068
0.056   0.049   0.078   1.998   0.05
0.098   0.05   0.049   0.049   6.803
0.506   0.055   0.054   0.053   0.051
0.049   0.188   0.075   0.049   4.401
0.052   0.05   0.052   0.051   0.051
0.055   0.135   0.052   0.125   0.053
0.051   0.048   0.048   0.048   0.054
0.055   0.05   0.048   0.049   0.052
0.05   0.048   0.048   0.136   0.051
0.05   0.049   0.052   0.051   0.054
0.05   0.167   0.072   0.067   0.068
0.052   0.049   0.048   0.048   0.048
0.05   0.048   0.049   0.094   0.211
0.053   0.094   0.049   0.049   10.301
0.935   0.051   0.049   0.048   0.053
0.055   0.054   0.053   0.144   0.176
0.055   0.052   0.05   0.048   0.049
0.051   0.049   0.135   0.08   0.249
0.054   0.05   0.061   0.049   0.054
0.058   0.056   0.056   0.053   0.051
0.05   7.984   0.052   0.049   0.049
0.05   0.049   0.048   0.048   0.052
0.055   0.048   0.048   0.074   0.05
0.05   0.072   0.048   0.148   0.053
0.059   0.053   0.054   0.051   0.048
0.05   0.147   0.052   0.048   0.048
-rw-r--r--  1 Jeff  staff  64 Aug 10 00:37 ciphertextcbc.txt
-rw-r--r--  1 Jeff  staff  32 Aug 10 00:37 ciphertextcfb.txt
-rw-r--r--  1 Jeff  staff  32 Aug 10 00:37 ciphertextctr.txt
-rw-r--r--  1 Jeff  staff  64 Aug 10 00:37 ciphertextecb.txt
-rw-r--r--  1 Jeff  staff  32 Aug 10 00:37 ciphertextofb.txt
-rw-r--r--  1 Jeff  staff  32 Aug  9 23:22 plaintext.txt
-rw-r--r--  1 Jeff  staff  16 Aug 10 00:37 plaintextcbc.txt
-rw-r--r--  1 Jeff  staff  16 Aug 10 00:37 plaintextcfb.txt
-rw-r--r--  1 Jeff  staff  16 Aug 10 00:37 plaintextctr.txt
-rw-r--r--  1 Jeff  staff  16 Aug 10 00:37 plaintextecb.txt
-rw-r--r--  1 Jeff  staff  16 Aug 10 00:37 plaintextofb.txt
