key: 66AC631B71CDF35797F7D92E7F4E015C
iv: F72DFCE896F2265C08A2D86CA9B13EFC
ECB    |   CBC     |   OFB     |   CFB     |   CTR     |   Encrypt Time (ms)
117.887   0.115569    0.115503    0.11551   0.135542   
115.21   0.117056    0.115936    0.116145   0.115189   
115.857   0.116423    0.118713    0.116645   0.115844   
116.58   0.118481    0.117445    0.117564   0.116255   
115.343   0.115362    0.116413    0.115789   0.11594   
141.812   0.11703    0.117976    0.116923   0.12661   
132.345   0.121646    0.120818    0.118473   0.116316   
115.312   0.115699    0.124866    0.117241   0.116639   
115.725   0.115275    0.115747    0.115815   0.115717   
115.339   0.135678    0.116379    0.116585   0.116081   
116.76   0.11604    0.116828    0.116199   0.115997   
114.686   0.115569    0.116726    0.115965   0.115366   
116.276   0.116395    0.116016    0.115716   0.115139   
116.332   0.116896    0.118119    0.134327   0.115039   
114.769   0.117408    0.117317    0.116546   0.116041   
116.543   0.115503    0.115984    0.116703   0.115474   
115.536   0.11537    0.115633    0.116273   0.115545   
115.332   0.11556    0.116473    0.116404   0.14242   
117.33   0.11817    0.115978    0.115413   0.115354   
115.509   0.115539    0.115687    0.115501   0.116042   
key: 66AC631B71CDF35797F7D92E7F4E015C
iv: 00000000000000000000000000000000
ECB    |   CBC     |   OFB     |   CFB     |   CTR     |   Decrypt Time (ms)
82.816   63.867   145.135   200.21   152.155
63.089   63.872   140.859   185.978   189.258
63.373   63.24   141.953   194.698   147.55
63.108   62.986   140.866   185.667   147.348
63.023   62.322   142.073   194.326   148.043
63.035   62.444   140.936   185.465   166.368
63.11   64.301   144.379   194.349   148.975
63.274   64.607   141.177   185.11   146.926
62.962   64.335   142.019   195.143   147.566
62.898   62.36   141.978   185.831   171.804
63.36   62.698   143.01   193.631   146.452
62.951   62.424   140.577   185.65   146.779
63.064   62.314   142.996   195.342   146.655
63.475   62.675   140.792   184.708   146.561
62.845   62.507   142.493   207.762   151.698
63.422   62.659   140.482   184.539   146.332
62.781   62.828   142.381   193.886   146.711
64.127   62.375   140.54   185.496   147.002
63.909   62.238   142.348   218.923   146.768
63.137   62.937   141.964   187.428   148.853
-rw-r--r--  1 Jeff  staff  2097184 Aug 11 00:41 ciphertextcbc.txt
-rw-r--r--  1 Jeff  staff  2097152 Aug 11 00:41 ciphertextcfb.txt
-rw-r--r--  1 Jeff  staff  2097152 Aug 11 00:41 ciphertextctr.txt
-rw-r--r--  1 Jeff  staff  2097184 Aug 11 00:41 ciphertextecb.txt
-rw-r--r--  1 Jeff  staff  2097152 Aug 11 00:41 ciphertextofb.txt
-rw-r--r--  1 Jeff  staff       32 Aug  9 23:22 plaintext.txt
-rw-r--r--  1 Jeff  staff  1048576 Aug 11 00:41 plaintextcbc.txt
-rw-r--r--  1 Jeff  staff  1048576 Aug 11 00:41 plaintextcfb.txt
-rw-r--r--  1 Jeff  staff  1048576 Aug 11 00:41 plaintextctr.txt
-rw-r--r--  1 Jeff  staff  1048576 Aug 11 00:41 plaintextecb.txt
-rw-r--r--  1 Jeff  staff  1048576 Aug 11 00:41 plaintextofb.txt
