key: 66AC631B71CDF35797F7D92E7F4E015C
iv: 75094A5823D25479EDC49470BD3CE4C1
ECB    |   CBC     |   OFB     |   CFB     |   CTR     |   Encrypt Time (ms)
10.746   7.5e-05    6.5e-05    6.8e-05   6.3e-05   
0.063   5.6e-05    9.2e-05    5.4e-05   5.9e-05   
0.057   5.8e-05    8.5e-05    5.9e-05   5.6e-05   
0.058   5.9e-05    0.000153    5.5e-05   5.5e-05   
0.058   5.7e-05    5.5e-05    5.6e-05   5.4e-05   
0.058   0.000141    6.2e-05    6.1e-05   5.9e-05   
0.064   6.3e-05    6e-05    0.000148   0.000228   
0.062   5.8e-05    7.3e-05    5.6e-05   5.5e-05   
0.058   5.7e-05    5.6e-05    5.4e-05   5.4e-05   
0.058   0.000608    6.1e-05    5.7e-05   5.5e-05   
0.058   5.8e-05    5.4e-05    5.5e-05   5.5e-05   
0.057   5.7e-05    5.6e-05    5.6e-05   0.000149   
0.058   5.9e-05    5.5e-05    5.5e-05   5.5e-05   
0.101   5.8e-05    0.011805    7.2e-05   5.6e-05   
0.058   7.4e-05    6.9e-05    0.000102   0.000206   
0.128   0.000144    5.8e-05    5.5e-05   5.6e-05   
0.057   5.7e-05    5.5e-05    5.5e-05   0.000142   
0.129   5.9e-05    0.000514    0.013969   0.017649   
0.089   8.5e-05    8.4e-05    8.2e-05   7.9e-05   
0.083   8.2e-05    8.3e-05    7.8e-05   0.000329   
0.092   0.0071    0.000114    0.000105   0.000111   
0.109   0.000109    0.00011    0.000104   0.000102   
0.094   9.6e-05    0.000192    9.2e-05   0.000103   
0.084   0.000112    8.3e-05    8.1e-05   7.9e-05   
0.082   8.1e-05    7.8e-05    7.9e-05   7.7e-05   
0.084   8.1e-05    8e-05    0.000233   8.2e-05   
0.086   8.3e-05    8e-05    8e-05   7.9e-05   
0.089   8.9e-05    8e-05    0.000157   8e-05   
0.084   0.000179    8.1e-05    7.9e-05   7.8e-05   
1.279   0.000837    8.2e-05    7.9e-05   0.000218   
0.088   7.5e-05    7.1e-05    7e-05   7.1e-05   
0.077   7.2e-05    6.9e-05    7e-05   6.9e-05   
0.074   7.2e-05    7e-05    7.1e-05   6.9e-05   
0.073   7.3e-05    0.008174    6.2e-05   8.4e-05   
0.089   9.2e-05    8.6e-05    5.7e-05   5.6e-05   
0.246   0.000664    5.9e-05    0.005569   9e-05   
0.09   8.5e-05    9e-05    9.7e-05   6e-05   
0.06   5.9e-05    5.6e-05    5.5e-05   5.4e-05   
0.059   5.8e-05    5.7e-05    5.5e-05   5.4e-05   
0.058   5.8e-05    5.5e-05    5.5e-05   5.5e-05   
0.058   6e-05    5.7e-05    5.5e-05   5.5e-05   
0.057   5.7e-05    5.5e-05    5.5e-05   5.5e-05   
0.059   5.7e-05    5.7e-05    5.4e-05   5.4e-05   
0.057   5.7e-05    5.6e-05    0.000313   0.000151   
0.06   6.3e-05    6e-05    6.1e-05   6.1e-05   
0.059   6e-05    0.000147    0.007271   0.000521   
0.063   5.9e-05    5.5e-05    5.5e-05   0.000204   
2.41   0.000171    6.2e-05    5.7e-05   5.5e-05   
0.058   5.7e-05    0.000901    5.7e-05   5.9e-05   
0.154   6.5e-05    5.6e-05    6.1e-05   5.4e-05   
0.099   0.000219    5.7e-05    5.6e-05   5.4e-05   
0.058   5.7e-05    5.6e-05    5.5e-05   5.4e-05   
0.058   0.00011    0.00014    5.7e-05   8.9e-05   
0.66   5.7e-05    5.5e-05    5.4e-05   5.6e-05   
0.058   0.022395    0.001063    5.7e-05   5.6e-05   
0.058   5.7e-05    5.5e-05    5.5e-05   0.000133   
0.06   6.1e-05    0.000205    5.8e-05   5.5e-05   
0.057   5.7e-05    5.6e-05    0.000274   5.6e-05   
0.498   6e-05    0.000118    5.7e-05   5.5e-05   
0.057   6.5e-05    5.8e-05    5.5e-05   6.1e-05   
0.063   6.3e-05    6e-05    6e-05   5.9e-05   
0.063   6.1e-05    6e-05    6e-05   5.8e-05   
0.063   6.2e-05    5.9e-05    8.7e-05   6.1e-05   
0.062   6.3e-05    6e-05    6e-05   6e-05   
0.063   6.4e-05    5.6e-05    5.4e-05   5.4e-05   
0.109   5.9e-05    5.7e-05    5.6e-05   5.6e-05   
0.058   0.000156    5.8e-05    5.5e-05   5.6e-05   
0.059   5.8e-05    5.6e-05    5.6e-05   9.3e-05   
0.09   9.9e-05    5.8e-05    0.002251   5.6e-05   
0.066   6.2e-05    6.1e-05    5.9e-05   6.3e-05   
0.062   6.1e-05    5.5e-05    5.5e-05   0.011022   
0.427   6.2e-05    5.9e-05    5.9e-05   6e-05   
0.061   5.6e-05    0.000192    8e-05   6e-05   
0.062   6.2e-05    6e-05    5.5e-05   5.5e-05   
0.058   5.8e-05    0.000208    8.4e-05   0.00011   
0.061   5.8e-05    5.7e-05    5.5e-05   0.000138   
0.058   9.3e-05    6.4e-05    6.2e-05   6e-05   
0.064   6.3e-05    6e-05    6.4e-05   6e-05   
0.063   5.7e-05    6.3e-05    6e-05   6e-05   
0.058   5.8e-05    5.5e-05    5.5e-05   6.1e-05   
0.063   5.8e-05    6.2e-05    5.5e-05   5.9e-05   
0.062   6.2e-05    5.9e-05    5.4e-05   5.5e-05   
0.058   5.7e-05    0.010182    0.000766   6.3e-05   
0.066   6.5e-05    6e-05    6.1e-05   5.9e-05   
0.064   6.4e-05    6e-05    6.4e-05   5.4e-05   
0.059   5.7e-05    6e-05    6e-05   6.3e-05   
0.064   6.3e-05    6e-05    6.4e-05   5.9e-05   
0.095   6.1e-05    6e-05    6.1e-05   5.4e-05   
0.062   6.2e-05    6e-05    5.9e-05   6e-05   
0.062   6.3e-05    6e-05    5.9e-05   5.8e-05   
0.063   5.6e-05    5.5e-05    0.011233   0.000288   
0.096   5.8e-05    5.7e-05    0.000184   7.5e-05   
0.062   6.3e-05    6.1e-05    5.9e-05   5.8e-05   
0.063   6.3e-05    6.3e-05    5.9e-05   6.1e-05   
0.063   6.1e-05    5.5e-05    5.4e-05   5.8e-05   
0.065   6.2e-05    6e-05    6e-05   5.8e-05   
0.063   6.2e-05    6.2e-05    5.9e-05   5.8e-05   
0.064   6.1e-05    6.3e-05    5.3e-05   6e-05   
0.056   5.7e-05    5.5e-05    5.5e-05   5.4e-05   
0.059   6.1e-05    6.2e-05    5.9e-05   5.8e-05   
key: 66AC631B71CDF35797F7D92E7F4E015C
iv: 00000000000000000000000000000000
ECB    |   CBC     |   OFB     |   CFB     |   CTR     |   Decrypt Time (ms)
0.135   0.056   0.066   0.063   0.061
0.055   0.048   0.05   0.054   0.05
0.051   0.054   0.058   0.055   0.055
0.056   0.058   0.056   0.054   0.055
0.05   0.109   0.094   0.058   0.057
0.057   0.055   0.056   0.056   0.056
0.056   0.055   0.055   0.057   0.055
0.055   0.049   0.19   0.055   0.083
0.057   0.054   0.051   0.051   8.809
0.39   0.052   0.1   0.053   0.05
0.055   0.049   0.053   0.057   0.056
0.182   0.057   0.055   0.055   0.061
0.074   0.051   0.055   0.057   0.051
0.056   0.05   0.054   0.057   0.145
0.056   0.049   0.057   0.05   0.051
0.052   0.052   0.051   0.108   0.051
0.052   6.424   0.813   0.054   0.052
0.052   2.333   0.056   0.055   0.058
0.053   0.058   0.055   0.056   0.058
0.052   0.05   0.051   0.143   0.052
0.057   0.16   0.053   0.051   0.052
0.051   0.05   0.133   8.822   0.105
0.105   0.102   0.105   0.094   0.095
0.097   0.273   0.085   0.083   0.083
0.107   0.111   0.079   0.08   0.073
0.204   0.072   0.315   0.076   0.092
0.202   0.071   0.071   0.071   0.071
0.41   0.086   0.096   0.103   0.076
0.073   0.07   0.073   0.073   0.072
0.072   0.07   0.071   0.072   0.071
0.072   0.07   0.072   0.072   0.071
0.071   0.07   0.07   0.072   0.071
0.072   0.069   0.174   0.095   0.071
0.072   0.07   0.071   0.071   0.07
0.073   1.697   0.067   8.78   0.093
4.602   0.07   0.068   0.069   0.051
0.051   0.051   0.069   0.069   0.051
0.129   0.056   0.056   0.055   0.051
0.051   0.05   0.217   0.053   0.052
0.051   0.049   0.137   0.051   0.051
0.134   0.051   0.052   0.05   0.05
0.053   0.048   0.049   0.05   0.134
0.052   0.049   0.05   0.05   0.051
0.051   0.055   1.236   0.053   0.058
0.057   0.049   0.051   0.054   0.05
0.051   1.674   0.056   0.06   0.057
0.056   0.056   0.051   0.053   0.051
10.164   0.254   0.053   0.051   0.089
0.055   0.049   0.05   0.053   0.057
0.059   0.054   0.058   0.055   0.055
0.059   0.054   0.167   0.057   0.053
0.104   0.051   0.051   0.052   0.051
0.054   0.05   0.05   0.051   0.049
0.051   0.05   0.05   0.05   0.052
13.079   0.441   0.067   0.064   0.06
0.057   0.05   0.051   0.125   0.054
0.053   0.05   0.051   0.053   0.051
0.052   0.051   0.051   0.061   0.055
0.053   0.051   0.05   0.051   0.05
0.051   0.165   0.06   0.057   0.058
0.059   0.051   0.051   0.051   0.111
0.081   0.111   0.054   0.052   0.053
0.051   0.05   8.448   0.053   0.052
0.052   0.049   0.05   0.05   0.051
0.272   0.051   0.051   0.05   0.056
0.083   0.075   0.054   0.051   0.534
0.064   0.095   0.058   0.057   0.055
0.057   0.05   0.063   0.419   0.056
0.766   0.054   0.055   0.052   0.052
0.051   0.158   0.151   0.053   0.051
0.051   0.936   0.051   7.106   0.053
0.051   0.049   0.162   0.087   0.051
0.051   0.052   0.342   0.054   0.055
0.055   0.05   0.05   0.05   0.05
0.054   0.054   0.055   0.055   0.054
0.057   0.054   0.055   0.054   0.08
0.057   0.053   0.055   0.053   0.055
0.055   0.049   0.051   0.056   0.055
0.055   0.057   0.055   0.05   8.609
1.213   0.1   0.09   0.083   0.082
0.084   0.081   0.097   0.083   0.073
0.073   0.076   0.072   0.077   0.072
0.079   0.124   0.073   0.077   0.072
0.081   0.071   0.071   0.072   0.071
13.09   0.102   0.1   0.098   0.107
0.084   0.082   0.082   0.179   0.11
0.089   0.072   0.082   0.073   0.079
0.079   0.077   0.243   0.072   0.08
0.081   0.071   0.071   0.072   0.078
0.081   0.072   0.078   0.073   0.077
0.074   0.077   0.072   0.078   0.2
0.073   0.121   0.073   0.079   0.074
0.081   0.071   0.076   0.071   2.188
0.075   0.075   0.065   0.07   0.064
0.07   0.068   0.281   0.066   0.071
0.072   0.069   0.069   0.07   0.069
0.072   0.172   0.064   0.064   0.757
0.061   0.062   0.065   0.064   0.061
0.063   7.05   0.061   0.063   0.062
0.051   3.158   0.059   0.052   0.056
-rw-r--r--  1 Jeff  staff  96 Aug 10 00:37 ciphertextcbc.txt
-rw-r--r--  1 Jeff  staff  64 Aug 10 00:37 ciphertextcfb.txt
-rw-r--r--  1 Jeff  staff  64 Aug 10 00:37 ciphertextctr.txt
-rw-r--r--  1 Jeff  staff  96 Aug 10 00:37 ciphertextecb.txt
-rw-r--r--  1 Jeff  staff  64 Aug 10 00:37 ciphertextofb.txt
-rw-r--r--  1 Jeff  staff  32 Aug  9 23:22 plaintext.txt
-rw-r--r--  1 Jeff  staff  32 Aug 10 00:37 plaintextcbc.txt
-rw-r--r--  1 Jeff  staff  32 Aug 10 00:37 plaintextcfb.txt
-rw-r--r--  1 Jeff  staff  32 Aug 10 00:37 plaintextctr.txt
-rw-r--r--  1 Jeff  staff  32 Aug 10 00:37 plaintextecb.txt
-rw-r--r--  1 Jeff  staff  32 Aug 10 00:37 plaintextofb.txt
