key: 66AC631B71CDF35797F7D92E7F4E015C
iv: A29D3D0ED9961DCDABFE62EE01C707FC
ECB    |   CBC     |   OFB     |   CFB     |   CTR     |   Encrypt Time (ms)
30084.3   30.0096    30.301    30.066   30.2682   
30108.7   30.3962    30.2184    30.6299   30.7729   
30524.2   30.2066    30.8831    30.0625   30.4161   
30105.8   30.6167    30.4967    30.8236   30.0272   
30762.5   30.0824    31.5304    30.1918   30.4401   
29935.9   30.3824    30.1299    30.5403   30.4131   
30266.1   30.1318    31.0217    30.3248   30.7756   
30341.4   30.5547    31.2244    31.3673   30.5852   
31512   31.2972    30.9865    31.06   31.0676   
30297   30.5267    30.4086    31.2158   30.2956   
30315.9   30.3841    30.3907    30.3987   30.3272   
30151.4   30.2999    30.7746    30.446   30.1346   
30733   30.461    30.5268    30.1604   30.3864   
30451.1   30.6673    30.24    31.2103   30.4886   
30311.6   30.7226    30.1161    30.358   30.4832   
30243.3   30.1498    30.6832    30.0995   30.2558   
30633.4   30.5958    30.7189    30.523   30.1085   
30623   30.9366    30.6298    30.2533   30.2917   
30288.3   30.5144    31.725    30.6716   30.4324   
30598.8   30.1589    30.9222    31.0666   31.2117   
31308.6   30.8888    31.3959    36.3434   31.0815   
31103.7   30.9276    30.7668    31.1216   31.6658   
31709.4   31.0155    31.4541    30.6392   30.8461   
30573.1   30.6943    31.1519    30.6468   31.4433   
30902.4   31.607    31.751    32.3292   30.8028   
31312.5   31.471    31.3822    32.0341   32.0626   
32523.7   31.7488    32.3277    31.1956   30.9748   
32944.7   31.1574    31.7444    31.667   32.045   
31518.5   31.3061    31.2341    30.4787   30.1991   
30674.8   31.1505    31.2186    31.1224   31.0552   
30184.4   30.5098    31.0547    30.6557   30.477   
30964.6   30.8411    31.4014    30.9438   31.0837   
30488   30.8719    30.1603    30.9958   30.1219   
30622.6   30.3795    31.1294    30.1411   30.1359   
30255.4   30.4868    30.4522    30.11   30.5369   
30289.7   30.6622    31.1109    30.7043   30.1864   
30721.9   30.1001    30.5668    30.5341   31.0744   
30420.2   30.387    30.8262    30.813   30.3654   
30327   30.5654    30.8052    30.1784   30.3263   
30469.5   30.5002    30.7158    30.5127   30.1994   
30349.5   30.3467    30.8895    30.0937   30.3863   
30371.5   30.5342    30.4499    30.3809   31.0381   
30683   30.0107    30.3367    30.4995   30.5515   
30410.5   30.4701    30.6969    30.6859   33.4704   
34696.3   31.6284    30.8448    30.5088   31.3858   
30892   30.5605    31.0761    31.6301   31.5362   
30575.7   31.392    31.512    31.1755   30.8729   
30238.2   31.1863    31.6355    30.9001   31.0013   
30561   30.6044    31.5383    32.0734   30.6118   
32228.3   32.4195    31.043    31.7945   31.925   
30588.7   31.4903    30.9823    32.1371   30.9756   
31426.9   31.8739    31.2428    31.3725   31.3593   
30669.6   30.4147    30.7092    30.1127   31.6967   
31064.3   30.5334    31.2748    30.7872   29.9293   
30412   30.8893    30.6648    30.2513   30.9203   
30489.5   30.6595    30.4332    30.4516   30.1224   
30384.3   30.5593    30.7248    30.1609   31.3873   
31413.7   30.4715    30.2451    30.8542   30.2318   
30922.3   30.7207    30.4554    30.0714   31.415   
30965.3   30.537    30.5521    30.251   30.2842   
30113.6   31.0814    30.8906    30.6676   30.4198   
30404.4   30.5057    30.4068    30.2187   30.5049   
30247.4   30.2277    30.5716    30.3718   30.6511   
30521.6   30.1137    30.6267    30.956   30.3898   
30119.3   30.4877    30.4128    30.5119   30.2526   
30673.7   30.6208    30.8199    30.3747   30.4879   
30860.6   30.2854    30.4445    31.1524   30.3329   
30460.1   37.3556    31.7312    30.881   31.2015   
30779.5   31.6019    31.5917    31.3655   30.7487   
30613.8   31.1405    30.9625    31.3545   31.3321   
30755.5   31.3071    32.3422    31.2491   30.3928   
31264.3   31.3749    30.916    31.8841   31.8721   
31620.9   33.0434    31.66    32.6686   31.0102   
31110.2   31.6585    31.6969    31.4676   30.9576   
30750.2   31.1609    31.2066    31.7515   30.649   
32266.9   30.3538    31.0248    31.049   30.1409   
30273.7   30.5656    30.8457    30.5205   30.2322   
30392.6   30.1485    30.8629    30.6834   30.3517   
30033.9   31.1391    30.3447    30.6036   30.8928   
30369.8   30.1818    30.8566    30.2786   30.355   
30223.8   30.9895    30.1961    30.2681   30.2839   
30827.7   30.1713    30.5509    30.2019   30.6206   
30074   30.9674    30.2009    30.9919   30.4032   
30171.8   30.0578    31.9431    30.3871   30.5934   
30339.6   31.1438    32.3355    30.9941   30.9031   
30483.9   30.9384    30.4118    30.854   30.3289   
30482.4   30.2785    30.7699    30.5413   30.1772   
30831.8   30.462    30.3307    31.1087   31.627   
30826.6   30.8211    30.6521    30.0773   30.3661   
31014.5   31.1137    31.0733    30.4026   30.2622   
30893.7   31.1534    32.5705    34.984   31.4266   
31230   31.6269    30.7494    30.8216   31.2143   
30803.1   30.2944    30.3289    30.9223   31.5614   
30945   30.6063    31.1565    32.1635   32.6442   
31707.4   32.0774    31.6801    30.6301   31.2343   
31519.4   31.7075    32.1135    32.12   31.2489   
31345.7   33.3879    32.2811    31.2656   30.9591   
30912.6   30.9335    30.7427    30.9384   30.5327   
31373.2   31.8205    31.4936    30.8878   32.6294   
30947   30.7253    30.2675    30.9743   30.7558   
key: 66AC631B71CDF35797F7D92E7F4E015C
iv: 00000000000000000000000000000000
ECB    |   CBC     |   OFB     |   CFB     |   CTR     |   Decrypt Time (ms)
18906   22005.2   38265.3   39995.9   39724.2
18973.8   18748.5   37475.7   40590.9   37724.9
17906.1   17832.4   37977.5   39816.7   38181.9
18398.6   18355.4   38083.1   39240.4   38234.4
19183.1   17954.9   38115.6   40066.4   37942.5
19469   19125.7   37678.7   41286.7   38147
18999.4   18764.5   38488   40991.4   39048.2
19558.8   18391.4   39199.1   39372.8   38534.8
18935.7   18434   38918.8   40161.4   38774.1
19807.9   19427.2   38951.9   39638.2   38337
18506.9   19755   37692.2   39743.2   38279.9
19011.4   19283.7   38396.2   39537.6   38696.5
19099   19407.7   39037.6   40443.4   38100.1
19303.5   20473.5   38367.8   46148.3   40197.9
20556.3   19124.2   38510   40145   40030.6
19697.6   20793   38295.3   40096.5   38617.9
20994.1   19134.6   38026   40512.4   39008.7
19858.4   18764.5   38177.7   39214.4   38296.2
18528.8   19441   37579.6   40113.4   38428.9
19175.7   19414.9   37500.2   39297.8   38463.6
20582.2   19592.2   37928   39914.3   39268.2
20046.5   19370.9   38422.3   40213.8   39336.2
20043.6   20098.1   38240.4   40899.2   38702
20503.2   19432   38065.7   40201.9   38993.2
19615.6   18866.7   38134.9   39879   38639.1
20616.2   18946.8   38394   40601.4   38843.7
19801.4   18909   39359   40171.9   38631
19274   18408.9   37564   39408.7   37805.6
18670.7   17889.8   38023.9   40178.6   37585.1
19048.7   18443.3   37722.8   40911.2   38668
18856.3   17740.5   37913.7   39454.3   37544.7
19209.6   17847.2   38016.1   39365.5   37925.7
19350.6   18309.2   38445.9   39889.9   38007.9
18923.8   17702.2   37654.6   39153.1   37932.9
18738.3   17678.1   38814   39335.4   37615.1
18899.1   17830.7   37983.9   40506   37752.6
18694.7   18310.4   37974.2   39528.9   44692.5
21653.1   19199.6   38580   39932.3   38366.9
20103.5   18625.5   38526.3   40451.7   38212.2
19526.8   18383.8   38391.3   39823.2   37703.8
19437   19205.7   38098.5   39184.3   37915
19923.7   18518.5   38515.4   40226.8   38960.5
19860.4   18004.2   38932.6   39575   38343.4
19050.4   19431   38307.6   40170.5   39312.6
20392.9   18347.2   38969.5   40888.2   38579.6
19868   19157.4   39296.8   40674.4   38947.7
19433.2   20516.6   38049.5   40042.4   38671.1
20189.3   19567.6   37868.1   40537.8   38023.6
19024.7   18290.4   37557.8   39584.4   37641.5
19499.4   18516   37719   39002   38019.2
19281.5   18811.3   37504.1   39410.6   37725.4
19128.4   18167.5   37811.6   39391.2   37894
19120.7   18637.1   37463.9   39458.1   37904.4
20514   18032.4   37831.8   39702.7   37635.2
19516.6   18121   37431.9   39491.8   37819.8
18642.2   17992.3   37860.3   39857.4   37690.5
19449.7   18169.9   37623.8   39387.1   39863.5
19070.7   18054.6   37610.1   39701.5   37443.2
19592.9   18236.6   37372.5   39234.7   39021.5
20094   19982.4   37715.2   41651.6   38723.4
21957.7   24556.7   39697.3   40143.5   38171.8
20592.3   20382   39552.4   40276.8   38928
19173.5   19199.6   42081.3   40589.3   38234.1
19620.5   18829.9   38149.1   39805.4   38387.3
18912.9   18892.5   39220.7   40462.4   38916.9
20545.7   18647.1   38668.6   40113.6   42370.9
32636.1   27996   51143.9   42024.8   41026.6
23795.9   71460.6   45948.2   46322   40533.4
21469.3   19529.6   41178.5   42005.5   41119.9
20370.3   20346.3   39854.7   57089   52708.1
20413.8   21250.6   40343.4   45865   41551.3
20014.8   19403.2   41759.7   44871.9   40943.1
21473.1   20169.2   40558.1   40724.6   40429
20615.7   21087.5   38968.6   40294.2   38520.3
19556.2   19017.5   38476.5   43922.3   46004.8
39386.5   23286.1   49290.3   41356.7   41572.1
19739.7   36954   61161   44667   46966.7
20052   19211.4   42565.8   40554.3   38086.2
19194.5   18183   48107.1   42164.3   39236.2
18837.5   19325.1   38031.8   40614.8   39457.9
19690.7   19319   38867.7   41096.8   58792.7
24813.5   40285.9   40357.1   41740.6   45678.5
21573.3   19738.5   41364.9   48540.4   38209.7
20561.2   21453.2   50601.3   42238.9   38765.1
24387.1   23977.7   38593.6   41529.5   41981.5
21408.7   19017.2   38996.1   41916.2   50716.6
32224.7   24525.5   41109.9   41379.5   39090.5
19337.6   19976.5   38267.6   40608.8   39380.2
21093.9   19773.4   38574.8   41122.2   39251.3
20589.8   20595.4   49085.7   41742.9   42260.3
27026.8   28473.2   84828.4   46726.1   45438.9
23334.2   23129.7   44895.7   45912   60407.4
21528   19604.5   42964.6   41653.3   40652.5
22144.2   23048.7   39497.2   41709.5   42001.3
25518.9   19143.1   38566.4   39345.9   38093.6
19326.9   19344.5   38290.3   40049.4   38851.4
22081.3   20034.7   40444.5   42905.9   57824.5
22673.4   20132.7   41807.6   42603.3   40400.7
24433   24081.6   48703.4   42900.3   39680.1
20949.9   22449.2   40216.7   50251.4   41878.4
-rw-r--r--  1 Jeff  staff  536870944 Aug 11 07:41 ciphertextcbc.txt
-rw-r--r--  1 Jeff  staff  536870912 Aug 11 07:42 ciphertextcfb.txt
-rw-r--r--  1 Jeff  staff  536870912 Aug 11 07:42 ciphertextctr.txt
-rw-r--r--  1 Jeff  staff  536870944 Aug 11 07:40 ciphertextecb.txt
-rw-r--r--  1 Jeff  staff  536870912 Aug 11 07:41 ciphertextofb.txt
-rw-r--r--  1 Jeff  staff         32 Aug  9 23:22 plaintext.txt
-rw-r--r--  1 Jeff  staff  268435456 Aug 11 12:11 plaintextcbc.txt
-rw-r--r--  1 Jeff  staff  268435456 Aug 11 12:13 plaintextcfb.txt
-rw-r--r--  1 Jeff  staff  268435456 Aug 11 12:13 plaintextctr.txt
-rw-r--r--  1 Jeff  staff  268435456 Aug 11 12:11 plaintextecb.txt
-rw-r--r--  1 Jeff  staff  268435456 Aug 11 12:12 plaintextofb.txt
