key: 290345EF60EE9694C55DEED933D7E254AC2D8879FE89E403
iv: 26D21356CECCDA8F4C92860D784C9C24
ECB    |   CBC     |   OFB     |   CFB     |   CTR     |   Encrypt Time (ms)
0.099   6.4e-05    5.7e-05    5.8e-05   6.4e-05   
0.06   6e-05    5.8e-05    0.000176   7.7e-05   
0.092   0.000509    5.5e-05    5.2e-05   5.3e-05   
0.055   5.4e-05    5.4e-05    5.3e-05   5.2e-05   
0.056   5.7e-05    5.3e-05    5.3e-05   5.3e-05   
0.057   6.8e-05    5.5e-05    0.000256   8.4e-05   
0.056   5.5e-05    5.3e-05    5.3e-05   5.3e-05   
0.056   5.5e-05    5.2e-05    0.005734   0.013408   
4.825   0.000156    0.000116    0.000113   0.0001   
0.103   0.000114    0.000117    8.6e-05   9e-05   
0.094   9.3e-05    9.8e-05    7.6e-05   7.6e-05   
0.081   0.000257    7.8e-05    0.000188   8e-05   
0.081   8e-05    8e-05    7.6e-05   7.8e-05   
0.079   8.1e-05    7.6e-05    7.6e-05   7.6e-05   
0.08   8.3e-05    7.7e-05    7.7e-05   7.4e-05   
1.165   9e-05    8.5e-05    7.6e-05   8e-05   
0.079   8.1e-05    8.2e-05    0.008774   7.5e-05   
0.077   7.6e-05    6.9e-05    7.3e-05   7.3e-05   
0.076   0.00021    7e-05    7.3e-05   7.6e-05   
0.079   7.9e-05    7.6e-05    7.2e-05   7.2e-05   
0.205   7.3e-05    7e-05    6.6e-05   6.6e-05   
0.071   7e-05    6.2e-05    0.00017   0.000279   
0.066   7.1e-05    7.1e-05    6.6e-05   6.8e-05   
0.071   6.9e-05    0.000212    6.3e-05   8.2e-05   
0.07   6.6e-05    6.5e-05    5.3e-05   5.3e-05   
0.057   7.1e-05    5.4e-05    5.3e-05   5.3e-05   
0.057   5.6e-05    5.3e-05    5.2e-05   0.000306   
7.625   0.000472    5.8e-05    5.5e-05   5.5e-05   
0.057   5.5e-05    0.006575    5.7e-05   5.8e-05   
0.061   6.1e-05    5.7e-05    5.8e-05   8.3e-05   
0.544   5.7e-05    0.000134    5.4e-05   0.000476   
0.058   5.5e-05    5.2e-05    0.00026   9.9e-05   
0.06   7.7e-05    6.1e-05    5.8e-05   5.2e-05   
0.059   5.6e-05    5.8e-05    8.7e-05   8e-05   
0.16   5.9e-05    0.000176    5.5e-05   5.4e-05   
0.058   5.6e-05    5.4e-05    5.2e-05   5.2e-05   
0.055   5.6e-05    5.4e-05    9.5e-05   0.0002   
0.057   0.000733    5.6e-05    5.4e-05   5.2e-05   
0.055   0.002148    5.8e-05    6e-05   6e-05   
0.06   6.1e-05    5.4e-05    5.3e-05   5.3e-05   
0.055   0.000419    5.7e-05    5.3e-05   0.000477   
0.058   5.6e-05    5.4e-05    5.2e-05   5.3e-05   
1.718   5.8e-05    5.8e-05    5.3e-05   6.1e-05   
0.056   5.6e-05    0.00544    0.000545   6e-05   
0.068   6.1e-05    0.001392    6.2e-05   5.5e-05   
0.058   5.6e-05    5.4e-05    5.3e-05   5.3e-05   
0.104   9e-05    0.004571    5.6e-05   7.8e-05   
0.061   5.9e-05    5.4e-05    0.0002   6.8e-05   
0.066   7.4e-05    5.5e-05    5.5e-05   5.5e-05   
0.055   0.000983    6.8e-05    7.2e-05   6.2e-05   
0.237   6.1e-05    5.5e-05    5.3e-05   5.4e-05   
0.056   5.8e-05    5.5e-05    5.8e-05   6.1e-05   
0.061   6.2e-05    6e-05    5.7e-05   5.7e-05   
0.068   0.000585    5.9e-05    5.4e-05   5.3e-05   
0.067   6.4e-05    6e-05    6.4e-05   6e-05   
0.622   6e-05    6.2e-05    5.9e-05   5.2e-05   
0.056   5.7e-05    5.5e-05    0.000586   0.001472   
0.295   6.1e-05    5.4e-05    5.3e-05   5.4e-05   
0.056   5.6e-05    5.3e-05    5.2e-05   5.3e-05   
8.054   0.000588    5.6e-05    5.4e-05   5.9e-05   
0.064   5.5e-05    6.4e-05    0.000184   5.8e-05   
0.114   0.000312    5.7e-05    5.9e-05   5.3e-05   
0.055   6e-05    5.2e-05    0.000291   5.7e-05   
0.25   5.8e-05    5.4e-05    5.3e-05   5.3e-05   
0.055   5.6e-05    0.000397    5.4e-05   5.3e-05   
0.055   5.5e-05    5.2e-05    5.3e-05   5.3e-05   
0.345   5.8e-05    0.00038    5.6e-05   5.3e-05   
0.056   5.5e-05    5.3e-05    0.001281   0.000105   
0.061   0.000174    5.7e-05    7.4e-05   5.9e-05   
0.055   5.5e-05    0.000135    0.008111   5.4e-05   
0.103   5.7e-05    0.00525    5.5e-05   5.4e-05   
0.056   0.000201    5.6e-05    5.3e-05   5.3e-05   
0.062   5.6e-05    5.4e-05    5.7e-05   6e-05   
0.615   5.7e-05    6.2e-05    6e-05   5.7e-05   
0.059   6.1e-05    5.7e-05    0.000568   5.6e-05   
0.057   5.5e-05    5.4e-05    5.3e-05   5.3e-05   
0.055   5.5e-05    0.000513    5.5e-05   5.8e-05   
0.061   5.5e-05    5.2e-05    5.2e-05   0.000731   
0.647   5.9e-05    5.5e-05    5.3e-05   5.2e-05   
0.056   5.5e-05    5.3e-05    5.3e-05   6.6e-05   
0.058   5.6e-05    5.4e-05    0.008193   0.000961   
0.058   8.3e-05    5.9e-05    5.7e-05   5.7e-05   
0.059   6.2e-05    5.2e-05    5.7e-05   5.4e-05   
0.062   5.8e-05    9.2e-05    6e-05   5.7e-05   
0.062   5.4e-05    5.8e-05    5.7e-05   5.2e-05   
0.06   6e-05    5.4e-05    5.8e-05   5.8e-05   
0.061   6.1e-05    5.8e-05    6e-05   5.8e-05   
0.056   5.5e-05    0.010478    0.000932   0.0001   
0.063   8.2e-05    5.7e-05    5.4e-05   5.2e-05   
0.614   9e-05    5.5e-05    5.3e-05   5.2e-05   
0.055   5.5e-05    5.3e-05    5.2e-05   0.000593   
0.058   6.1e-05    5.8e-05    5.6e-05   5.2e-05   
0.06   5.9e-05    6.1e-05    5.8e-05   5.7e-05   
0.059   6.2e-05    5.8e-05    5.4e-05   5.3e-05   
0.056   6.7e-05    5.9e-05    5.8e-05   5.6e-05   
0.054   6.1e-05    5.9e-05    5.7e-05   5.9e-05   
0.062   6e-05    5.8e-05    5.6e-05   5.7e-05   
0.06   6.1e-05    5.8e-05    5.7e-05   5.9e-05   
0.061   6e-05    5.3e-05    5.6e-05   5.8e-05   
0.06   5.6e-05    5.5e-05    5.3e-05   5.7e-05   
key: 290345EF60EE9694C55DEED933D7E254AC2D8879FE89E403
iv: 00000000000000000000000000000000
ECB    |   CBC     |   OFB     |   CFB     |   CTR     |   Decrypt Time (ms)
0.139   0.055   0.059   0.055   0.054
0.808   0.049   0.054   0.051   0.167
0.055   0.055   0.056   0.122   0.051
0.051   0.049   0.2   4.622   0.051
0.056   0.054   0.057   0.087   0.047
0.059   0.091   0.174   0.069   0.164
0.069   0.132   0.05   0.047   0.049
0.052   0.049   0.048   0.047   0.047
0.051   0.049   0.048   0.047   0.15
0.05   0.18   0.05   0.049   0.049
0.051   0.049   0.048   0.047   0.049
0.187   0.057   0.054   0.054   0.053
0.057   0.053   0.052   0.177   0.071
0.055   0.054   0.352   0.05   0.158
0.074   0.148   0.048   0.048   0.049
14.6   0.301   0.054   0.052   0.052
0.048   0.047   0.048   0.258   0.049
0.05   0.048   0.057   0.049   0.091
0.096   0.052   0.052   0.049   0.079
0.069   0.078   0.049   0.048   0.048
0.05   0.167   0.048   0.048   0.048
0.051   0.052   0.049   0.047   0.049
0.134   0.048   0.048   0.048   0.05
0.05   0.05   0.049   0.048   0.148
0.073   0.049   0.05   0.698   0.049
0.051   0.048   0.154   0.049   0.049
0.051   0.055   0.049   0.051   0.048
0.052   0.048   8.972   0.873   0.105
0.115   0.107   0.105   0.089   0.09
0.096   0.08   0.079   0.077   0.078
0.088   0.078   0.079   0.076   0.076
0.074   0.078   0.072   0.072   0.106
0.076   0.075   0.149   0.072   0.077
6.866   0.435   0.093   0.091   0.098
0.103   0.097   0.097   0.094   0.08
0.091   0.081   0.085   0.1   0.073
0.092   0.072   0.074   0.236   0.07
0.079   0.076   0.071   0.068   0.069
0.073   0.068   0.069   0.234   0.07
0.074   0.518   0.072   0.068   5.718
0.148   0.074   0.069   0.067   5.843
0.074   0.069   0.154   0.203   0.065
0.065   0.075   0.096   0.306   0.063
0.073   0.071   0.066   0.067   0.067
0.07   0.067   0.07   0.06   0.061
0.197   0.058   0.082   0.057   0.119
0.13   0.063   0.057   0.055   0.056
0.058   0.056   0.055   0.056   0.109
0.062   0.057   0.056   0.055   0.055
0.057   0.061   0.954   0.13   0.051
0.052   0.048   0.048   0.048   0.048
0.051   0.048   0.048   0.047   8.738
0.064   0.081   0.085   0.053   0.05
0.074   0.1   0.058   0.05   0.049
0.052   0.048   0.049   0.298   0.052
0.068   0.053   0.049   0.049   0.05
0.05   0.048   0.048   0.047   0.049
0.052   0.05   0.049   0.048   0.048
0.052   0.048   0.048   0.047   0.048
0.049   0.072   0.049   0.047   0.049
0.05   0.048   0.049   0.047   0.049
0.049   0.049   0.048   0.077   0.049
0.146   0.051   0.048   0.047   0.049
9.746   0.391   0.061   0.058   0.057
0.057   0.053   0.055   0.055   0.054
0.056   0.073   0.048   0.048   0.15
0.055   0.05   0.05   0.049   0.05
0.051   0.049   0.049   0.049   0.178
0.052   0.132   0.049   0.047   0.048
0.05   0.05   0.05   0.048   0.124
1.206   0.05   0.049   0.047   0.05
0.051   0.05   0.048   0.133   0.121
0.053   0.049   0.048   0.047   0.049
0.05   0.048   0.257   0.049   0.048
0.051   0.048   2.275   0.054   0.056
0.06   0.048   0.076   0.072   13.438
0.597   0.057   0.055   0.056   0.053
0.053   0.048   0.051   0.392   0.05
0.059   0.049   0.048   0.047   0.048
0.051   0.139   0.054   0.067   0.054
0.053   0.049   0.049   0.047   0.05
0.05   0.094   0.049   0.048   0.05
0.051   0.048   0.051   0.049   0.101
0.16   0.053   0.049   0.049   0.049
0.054   0.049   0.05   0.047   0.049
0.05   0.049   0.049   0.048   0.048
0.05   1.556   0.05   0.048   0.05
0.051   0.048   0.048   0.048   0.089
0.233   0.057   0.055   0.053   0.049
0.05   0.049   0.049   0.134   0.05
0.05   9.787   0.696   0.101   0.093
0.103   0.098   0.095   0.089   0.095
0.105   0.085   0.079   0.077   0.079
0.844   0.07   0.075   0.07   0.069
0.078   0.069   0.071   0.067   0.069
8.194   0.547   0.104   0.1   0.107
0.093   0.09   0.098   0.095   0.091
0.081   0.085   0.084   0.822   0.071
0.071   0.078   0.077   0.076   0.076
0.071   0.076   0.088   0.074   0.069
-rw-r--r--  1 Jeff  staff  64 Aug 10 00:37 ciphertextcbc.txt
-rw-r--r--  1 Jeff  staff  32 Aug 10 00:37 ciphertextcfb.txt
-rw-r--r--  1 Jeff  staff  32 Aug 10 00:37 ciphertextctr.txt
-rw-r--r--  1 Jeff  staff  64 Aug 10 00:37 ciphertextecb.txt
-rw-r--r--  1 Jeff  staff  32 Aug 10 00:37 ciphertextofb.txt
-rw-r--r--  1 Jeff  staff  32 Aug  9 23:22 plaintext.txt
-rw-r--r--  1 Jeff  staff  16 Aug 10 00:37 plaintextcbc.txt
-rw-r--r--  1 Jeff  staff  16 Aug 10 00:37 plaintextcfb.txt
-rw-r--r--  1 Jeff  staff  16 Aug 10 00:37 plaintextctr.txt
-rw-r--r--  1 Jeff  staff  16 Aug 10 00:37 plaintextecb.txt
-rw-r--r--  1 Jeff  staff  16 Aug 10 00:37 plaintextofb.txt
