key: 290345EF60EE9694C55DEED933D7E254AC2D8879FE89E403
iv: E71B61407433813D80D247B7703058B3
ECB    |   CBC     |   OFB     |   CFB     |   CTR     |   Encrypt Time (ms)
32635.2   33.597    33.2539    31.6704   31.0916   
31687.4   30.6148    32.961    34.2396   30.859   
31281.9   29.8991    30.9528    30.6112   31.4652   
30400.8   30.8799    30.0963    30.8929   30.5365   
30627.4   30.2439    31.1124    30.0885   31.0444   
30608   30.2935    31.1173    36.0894   30.3784   
31007.9   30.7329    30.9402    30.5476   30.4862   
30262.6   30.9319    32.0084    30.9514   31.8812   
30631.4   30.8556    31.4632    30.7983   32.4059   
44340.4   32.3817    31.0218    30.9849   30.0094   
31420.8   30.704    32.6078    32.0705   30.0323   
29876.9   30.455    31.5438    30.5707   31.8338   
32457.3   30.4357    31.2281    30.0639   37.0648   
30227.9   30.5078    31.2053    32.8996   31.7973   
30519.5   30.894    34.6996    30.9552   51.6033   
34667.4   31.9116    31.0699    30.6117   32.105   
34520.5   33.8316    31.0651    30.1284   31.5834   
31869.1   31.3718    31.1013    31.7793   30.8242   
33207.8   30.4961    31.2309    31.0142   32.3817   
33513.2   32.9094    31.996    36.2609   42.632   
45098.2   35.461    36.1367    34.2049   33.1517   
37903.9   32.8458    37.2986    36.6153   33.4508   
33838.8   39.8589    36.2971    36.522   33.7108   
37219.6   36.3614    43.3494    46.1703   37.815   
35383.2   39.185    37.1615    44.8271   51.0993   
42297.1   38.1254    46.7056    38.7209   32.9784   
39906.7   31.741    34.6947    36.8086   31.8501   
32222.5   35.1217    38.2586    58.1036   37.3306   
36773.7   33.7781    33.7411    39.6451   38.9877   
32666.5   31.3087    32.322    33.3517   32.4652   
32870.3   32.3829    44.4026    40.5713   34.2555   
33600.9   39.1861    35.6223    35.2986   35.5644   
33738.2   31.9191    32.4912    31.1539   32.1926   
32191.9   31.2531    31.3771    31.549   32.5423   
33840.4   42.9945    33.6755    33.0431   31.5991   
34351.9   32.0774    31.3364    30.8186   31.0422   
30385.8   33.6849    34.8954    31.6155   32.9812   
31065.9   31.3787    31.9827    33.0228   31.8652   
32961.3   33.4797    33.7868    35.0397   39.2673   
39377.1   33.8319    32.0368    63.6369   35.73   
31915.1   33.0589    36.5604    31.853   31.9414   
33961.2   31.2835    32.9166    32.0151   43.9996   
35675.7   35.2866    33.574    33.6525   31.4646   
32042.3   33.2327    34.7247    31.9516   36.7925   
31608.9   32.2661    32.6179    31.7226   31.5776   
31113.6   32.3682    32.8299    32.4089   31.2584   
31804.8   31.8063    31.9092    31.5495   35.6067   
52945.5   34.3005    33.827    31.8895   51.3954   
36797.1   32.3864    47.5027    39.5143   37.1999   
35124.2   31.6219    32.9201    31.577   32.1039   
31929   32.5558    33.4983    31.5653   33.5473   
32815.3   32.961    33.3704    33.2863   31.592   
32651.2   33.0335    33.0366    33.0005   51.3853   
34315.1   32.2291    32.5814    32.6911   32.3781   
31733.7   31.6094    31.8623    31.5342   32.5026   
31592.3   32.757    33.7804    31.8891   32.4297   
31137.6   32.8429    32.6284    31.4836   31.9777   
31282.8   31.742    32.8919    31.8492   31.6962   
32197.2   31.8041    32.0315    34.4488   31.3458   
30941.9   31.8801    33.4126    31.847   31.5065   
32029.4   32.8277    32.58    31.3765   32.3775   
31170.6   32.3349    33.6407    32.2177   32.212   
31770.1   32.463    33.0299    33.1731   31.9646   
31267.7   32.5333    33.1519    32.4604   32.7531   
31867.2   33.7841    32.624    31.533   38.638   
34106.1   39.2012    34.7167    34.6212   38.7937   
39962.7   35.5434    37.7465    36.9157   34.0142   
32603.5   33.0611    32.3562    44.6781   51.3887   
46074.2   34.1563    33.7096    33.5627   32.4805   
34050.9   33.1568    33.4903    33.2926   32.5475   
31703.1   34.4975    34.2578    38.0815   37.6039   
73095.7   37.7757    37.6569    32.7081   31.9828   
39763.3   36.773    40.7727    34.3072   34.959   
36234.7   36.7853    35.9299    34.1207   36.4084   
35963.7   34.9625    32.8239    31.9843   32.0493   
31439.2   31.7141    32.1004    33.8003   33.4812   
33112.3   33.9078    33.902    36.8348   34.836   
33007.8   32.2849    33.5872    33.0846   32.1177   
35036.6   35.2188    37.0938    32.9087   32.6793   
32514   40.2329    35.4802    33.0317   32.8072   
33618.3   32.7729    34.9507    32.2301   32.0016   
32506   32.7032    31.986    31.7562   32.7052   
32035.1   33.0552    33.4104    31.8673   31.028   
32034.4   32.9029    32.2506    32.0531   32.1443   
31684.3   32.5319    32.3153    32.311   33.2602   
32905.5   31.759    32.0699    34.9577   31.2909   
32143.9   34.5495    32.9759    41.2337   44.8969   
34669.9   35.3113    37.1058    35.8729   32.9988   
34169   32.9647    35.9441    35.3948   33.7807   
36051.5   33.2722    36.2474    32.3527   36.5649   
38860.1   33.4782    33.0998    32.7045   36.7423   
32978.7   33.2037    33.2062    36.833   32.7768   
32690.6   32.9154    33.1068    34.1626   31.0544   
31403.7   32.9458    37.5579    37.1477   32.8221   
32622.5   32.3565    54.8616    34.2207   32.3222   
33115.4   51.0942    35.1329    34.1211   32.5016   
33340.3   33.1787    32.8344    33.7895   32.4153   
32965.9   36.2703    32.7684    34.2566   35.6614   
33215   32.3262    33.5065    33.9423   32.97   
32271.6   33.8529    34.1862    33.6984   32.7473   
key: 290345EF60EE9694C55DEED933D7E254AC2D8879FE89E403
iv: 00000000000000000000000000000000
ECB    |   CBC     |   OFB     |   CFB     |   CTR     |   Decrypt Time (ms)
21305.7   19402.9   40333.2   46152.6   40389.8
20084.8   19655   57111.5   44228.4   39644.2
19669.5   18891.9   39655.5   42340.1   42072.3
19300   18975   40957.9   42418   40521.4
19144.3   19223.9   39495.9   43584.5   40391.2
19298   18721.6   40497.6   43097.4   50454.4
19223   19822.9   40265.1   46078.6   40624.8
19965.9   43876.5   43286.3   43460.1   42010.8
21301   19786   43404.3   44237.7   48460.4
21444.6   20501.5   40463.3   44489.2   46402.4
27129.9   20318   40305.6   50630.2   44875.8
20641.5   20783.5   41439   43737.7   41051.4
19836.1   21099.1   41761.5   43537.8   41321.1
20894.9   20632.8   40245.9   44215.6   41441.6
20109.9   20643.3   41687.5   44256.5   42981.3
19599.1   20606.8   41964.9   45495.4   42500.7
20145   21635.8   44148.8   43832.5   42068.1
23203.5   20691.6   43605.9   45102.3   46781.6
21415.4   20484.9   42075.6   45918.8   43533.8
24712.4   20368.2   42191.4   44351.5   41837
20676   20870.4   45207.4   96371.2   67691.7
21210.9   28299.9   42325.4   49832.1   43357.3
20570.9   20862.7   45271   49128.6   46444.2
21549   20682.4   52885.4   43709.7   56042.5
20661.7   20008   43757   46902.1   43955.6
25307.9   22422.7   46354.4   50058.8   46211.6
23079   22439.5   44321.9   49420.6   58932.6
24388.6   25809.7   45918.5   48577.4   45102.9
22580   22340.6   47804.3   47317.8   44500.8
22400.8   22937.9   49461.4   48677.8   44370.9
20768.9   28349.2   54707   49550.6   44529.9
21761.7   22820.8   47484   49391.4   47937
24517.2   25903.8   46202.7   75630   47281.1
24053.4   27826.2   48614.6   61681.3   50841.2
22185.3   22184.1   45327.8   48825.8   55105.7
24868   25884.5   51239.9   52370.4   48657.8
23741.6   23374.1   48541.8   53977.2   48846.1
24617.6   29550.2   48628.8   54611.3   49424.3
21984.3   23153.8   45642.7   52934.9   46944.2
24727.2   27274   47130.3   48246.2   65783.3
23143.2   27203.5   51306.1   62084.7   73567.4
78748.9   43070   51630.6   51098.9   48258.5
22485.9   23282.5   46361.6   47034   47018.2
30177.4   23964.1   59361.1   61430   53796.1
20205.5   24732.5   58163.5   52831.1   56907.4
24760.1   25025.5   50871.8   50557.7   53308.3
24814.1   23875.8   50807.5   52581.8   53194.1
25250.8   25033.5   49894.7   52827.4   47399.1
25222   23923.1   50796.6   52191.2   50566.9
25134.6   24273.9   47548   54727.2   50977
22607.8   24974.4   63659.7   45292.7   38401.6
19898.8   18855.6   38539.6   39837.7   37479.9
18277.1   18596.8   39865.4   39408.6   39979.1
18487   18806.6   37767.9   40589.4   38359.1
18626.8   18290.2   38141.7   40081.2   38041.4
19077.8   19475.3   37399.2   45995.7   39437.9
18876.7   19110.1   38329.1   39504.2   38180.6
20457.5   20304.7   41322.3   44389   38359.2
18709.7   27361.8   39082.1   40182.8   38329.7
18768.9   18563   36916.7   39658.4   37571.5
18167.3   18167.7   37326.3   39454.7   38660.3
19203.6   18637.3   37088.4   40557.9   38902.1
18170.6   17930.2   37302.4   39128.1   37788.3
18487.5   19342.7   36990.6   39793.2   39356.2
20174.2   19419.3   37989.8   39646.8   39377.1
18886.4   18400.5   38373.2   40782.4   38278.9
17306.3   18062.6   38470.7   45404.8   40505
21828.7   19339.8   38642.8   40425.3   38248.4
18596.1   19111.4   37415.9   40236.8   39904.1
20926.9   19728.4   37618.8   49002.1   41158.4
19010.6   18131.7   36850.6   40903.8   38870.3
19197.3   22493.1   37910.6   41169.7   38008.7
19966.1   18273.1   37824.8   45537.1   38929.1
18702.7   18283   37416.5   40217.2   38857
18469   17858.7   39282.2   39783.1   37623.6
18161.7   17974.9   37446   40464   38020.5
18177.5   17722.2   38273.7   41297   37844.8
18696.8   18348.8   37269.3   40794.6   38964.9
19044.1   18150.9   39667.5   41516.7   38468.7
22942.6   19371.6   37441.4   40103   39566.3
19858.7   18404.9   37746.3   40342.9   48059.7
18168.5   20561.5   38214.9   40066   39885.3
18845.6   18826.4   36887.6   43221.2   37473.4
18539.3   18614.7   37108.5   39051.3   36682.1
18497.9   17021.9   37100.7   39419.5   37252
17723.2   17070.9   36642   39243.2   36978.3
21623.3   17296.7   36379.5   38894.1   39235.5
18407.2   17564.7   36632   39144.1   37567.4
21355.6   17758.5   36501.5   40362.1   38117.9
18246.3   18714.5   36948.8   41442.6   37597.8
18819   18677.4   38257.6   40349.6   38628.1
18044.4   18395.6   37416.2   40226.4   41748.2
18421   17850.4   37821.4   39217.7   39874.8
18633.9   18810.8   38666.9   40168.9   38842.2
18593   18347.6   38739.3   40453.2   37796.3
19922.3   18546.9   38122.4   39790   39228.3
17889.4   18284.7   37106   39822   37561.4
18435   18410.3   37739   39233.7   38331.5
17967.3   17663.9   38784.2   39880.9   37764
19014.7   17665.4   37729.9   39740.6   38155.1
-rw-r--r--  1 Jeff  staff  536870944 Aug 11 16:56 ciphertextcbc.txt
-rw-r--r--  1 Jeff  staff  536870912 Aug 11 16:57 ciphertextcfb.txt
-rw-r--r--  1 Jeff  staff  536870912 Aug 11 16:58 ciphertextctr.txt
-rw-r--r--  1 Jeff  staff  536870944 Aug 11 16:55 ciphertextecb.txt
-rw-r--r--  1 Jeff  staff  536870912 Aug 11 16:56 ciphertextofb.txt
-rw-r--r--  1 Jeff  staff         32 Aug  9 23:22 plaintext.txt
-rw-r--r--  1 Jeff  staff  268435456 Aug 11 21:45 plaintextcbc.txt
-rw-r--r--  1 Jeff  staff  268435456 Aug 11 21:46 plaintextcfb.txt
-rw-r--r--  1 Jeff  staff  268435456 Aug 11 21:47 plaintextctr.txt
-rw-r--r--  1 Jeff  staff  268435456 Aug 11 21:45 plaintextecb.txt
-rw-r--r--  1 Jeff  staff  268435456 Aug 11 21:46 plaintextofb.txt
