key: 290345EF60EE9694C55DEED933D7E254AC2D8879FE89E403
iv: B9177F6D8A8A7483AC8FD2CFCA46A83D
ECB    |   CBC     |   OFB     |   CFB     |   CTR     |   Encrypt Time (ms)
1270.11   1.19983    1.16849    1.19244   1.16924   
1170.27   1.18906    1.16854    1.18812   1.16839   
1191.63   1.1651    1.18991    1.16649   1.18588   
1165.5   1.19161    1.17003    1.18478   1.19412   
1179.87   1.29811    1.19066    1.16786   1.18887   
1169.69   1.16506    1.18967    1.16295   1.18321   
1163.6   1.18508    1.1681    1.20737   1.19187   
1186.81   1.16324    1.20923    1.16486   1.1832   
1164.27   1.193    1.16623    1.18321   1.25077   
1184.13   1.16602    1.17912    1.19694   1.16734   
1236.93   1.20552    1.19243    1.16393   1.18356   
1164.68   1.19502    1.16975    1.18091   1.16288   
1275.57   1.17469    1.19239    1.16251   1.19024   
1161.12   1.19057    1.16905    1.16572   1.18395   
1247.32   1.19352    1.16835    1.19498   1.16713   
1197   1.16284    1.22138    1.16401   1.18743   
1162.29   1.18598    1.17009    1.19189   1.16393   
1195.87   1.16869    1.18595    1.1674   1.16646   
1240.31   1.16639    1.18749    1.16705   1.18978   
1163.7   1.24193    1.169    1.34371   1.19456   
1305.36   1.26359    1.41491    1.23387   1.31675   
1454.54   1.35043    1.22718    1.20774   1.16937   
1189.89   1.17219    1.17082    1.20472   1.19614   
1202.86   1.16656    1.19537    1.16837   1.19781   
1394.73   1.21461    1.17243    1.19858   1.17241   
1188.41   1.162    1.20102    1.19719   1.21064   
1171.87   1.18762    1.17427    1.18473   1.16825   
1208.1   1.17906    1.17249    1.18832   1.17004   
1186.62   1.18906    1.18906    1.16658   1.19286   
1167.07   1.27214    1.16751    1.19276   1.1657   
1182.33   1.16757    1.19051    1.16709   1.19124   
1163.64   1.19193    1.16778    1.16563   1.18388   
1162.85   1.18997    1.16733    1.18574   1.16652   
1189.26   1.1655    1.20409    1.16642   1.19244   
1164.42   1.28851    1.17035    1.19669   1.16441   
1182.4   1.16399    1.16529    1.18733   1.18912   
1189.77   1.17232    1.20315    1.1684   1.18643   
1164.23   1.18662    1.16806    1.18821   1.16706   
1183.97   1.16429    1.18592    1.16707   1.18298   
1164.49   1.19112    1.25567    1.19237   1.16613   
1164.46   1.19486    1.16908    1.19242   1.16617   
1189.98   1.16534    1.20659    1.16571   1.19257   
1183.23   1.19581    1.16805    1.18161   1.16551   
1188.65   1.16777    1.1938    1.16612   1.16679   
1189.02   1.16677    1.18716    1.26159   1.18381   
1164.13   1.19722    1.16717    1.18811   1.18364   
1181.76   1.16869    1.19987    1.16481   1.18919   
1167.69   1.19485    1.16632    1.19151   1.16795   
1163.63   1.19313    1.16973    1.19001   1.1645   
1189.09   1.17645    1.1875    1.16539   1.2961   
1164.55   1.19286    1.16853    1.19337   1.1662   
1187.18   1.16687    1.19369    1.16833   1.19028   
1176.11   1.19161    1.16732    1.19326   1.1664   
1164.83   1.18115    1.16967    1.19327   1.16683   
1190.79   1.16412    1.1849    1.16663   1.19175   
1200.31   1.19601    1.16719    1.18951   1.16714   
1168.81   1.18729    1.28099    1.17831   1.20575   
1202.12   1.17883    1.18413    1.16712   1.18557   
1166.25   1.19009    1.16684    1.19161   1.16512   
1187.65   1.16295    1.19646    1.16369   1.18857   
1230.56   1.19139    1.1686    1.16711   1.21776   
1165.58   1.19261    1.17009    1.19619   1.16744   
1192.21   1.16833    1.1906    1.16641   1.19073   
1165.25   1.18135    1.16803    1.1843   1.16854   
1192.71   1.24621    1.1688    1.19135   1.16698   
1188.77   1.23826    1.21115    1.16783   1.19143   
1163.26   1.19445    1.16835    1.19725   1.16609   
1182.98   1.169    1.19587    1.16929   1.16625   
1209.61   1.16554    1.18518    1.16464   1.18395   
1165.77   1.18523    1.16849    1.19376   1.1663   
1190.76   1.16768    1.29927    1.19039   1.19191   
1164.44   1.19907    1.17333    1.20095   1.16663   
1165.19   1.19305    1.16851    1.20436   1.17204   
1189.85   1.17184    1.21739    1.18251   1.19686   
1168.88   1.19172    1.17474    1.2009   1.16901   
1184.37   1.16633    1.28005    1.17334   1.20059   
1289.91   1.16755    1.19378    1.16944   1.2017   
1164.1   1.18076    1.16552    1.19207   1.16494   
1193.24   1.16772    1.19045    1.1686   1.18693   
1164.96   1.16719    1.19884    1.17273   1.19263   
1163.87   1.19469    1.16897    1.27892   1.16456   
1191.28   1.167    1.19384    1.16644   1.1812   
1161.88   1.19421    1.16909    1.19193   1.22181   
1182.99   1.22068    1.27369    1.2114   1.17979   
1210.02   1.17951    1.21127    1.19593   1.22144   
1197.28   1.19806    1.19196    1.1879   1.27671   
1205.46   1.18374    1.218    1.17786   1.20235   
1187.67   1.23128    1.18468    1.18631   1.22567   
1190.78   1.21201    1.1765    1.20902   1.18241   
1205.07   1.17941    1.22676    1.18335   1.219   
1189.7   1.20468    1.18137    1.20034   1.2705   
1192.99   1.18378    1.1799    1.21901   1.18437   
1203.17   1.17714    1.1931    1.18034   1.21866   
1187.7   1.19949    1.19142    1.19893   1.18715   
1208.11   1.19061    1.21394    1.17701   1.18745   
1203.78   1.18009    1.20501    1.19845   1.197   
1240.77   1.18124    1.16886    1.19467   1.16778   
1183.84   1.164    1.19145    1.16668   1.19731   
1197.34   1.30643    1.18728    1.19088   1.20595   
1179.19   1.21957    1.18048    1.22417   1.16876   
key: 290345EF60EE9694C55DEED933D7E254AC2D8879FE89E403
iv: 00000000000000000000000000000000
ECB    |   CBC     |   OFB     |   CFB     |   CTR     |   Decrypt Time (ms)
786.416   649.689   1554.34   2325.73   1596.52
736.08   759.231   1692.13   2218.91   1472.34
645.85   703.878   1397.57   1915.44   1439.03
773.979   751.115   1601.33   2115.51   1626.76
694.502   655.243   1474.28   1921.58   1487.08
682.542   728.495   1531.57   2207.8   1610.87
787.5   704.763   1391.09   1891.72   1438.05
643.84   642.07   1398.29   1884.69   1406.51
678.654   717.253   1444.64   1951.9   1540.33
688.301   752.465   1593.2   1974.42   1460.18
641.78   681.949   1389.8   2042.48   1481.74
693.757   709.281   1518.73   1913.06   1477.55
670.307   687.582   1608.51   2064.44   1421.88
686.176   646.16   1379.76   1900.07   1445.4
664.586   740.36   1471.99   1930.49   1469.9
674.928   677.217   1384.48   1942.68   1522.37
728.665   681.87   1424.2   1909.82   1538.14
658.948   645.432   1406.61   1902.57   1396.6
649.165   671.418   1387.28   1897.71   1487.36
712.044   721.437   1671.94   2128.43   1649.54
760.832   779.573   1650.82   2125.84   1492.22
669.265   645.696   1406.57   1884.81   1484.86
736.324   850.659   1698.32   2144.72   1665.63
810.846   701.242   1592.48   2297.64   1510.66
680.101   648.486   1415.54   1982.59   1731.3
749.296   715.503   1613.36   2190.35   1642.34
752.934   769.558   1464.3   1911.54   1457.91
685.859   726.11   1443.23   2089.81   1625.95
755.803   756.66   1733.52   2138.08   1588.66
668.64   645.859   1484.02   1918.59   1451.75
708.594   672.088   1489.86   2185.7   1652.12
723.789   747.799   1615.92   2155.63   1626.87
756.473   771.435   1413.89   1950.96   1460.39
704.031   679.371   1514.64   2178.95   1724.07
762.688   795.098   1575.1   2152.37   1809.69
756.527   910.121   1400.07   1912.48   1546.04
677.301   678.997   1652.3   1973.97   1403.17
646.035   661.787   1469.76   2140.6   1635.31
733.097   742.766   1682.07   2286.45   1626.82
683.244   670.528   1399.83   1915.33   1448.51
714.845   677.389   1464.31   2033.24   1572.42
779.391   750.885   1590.86   2181.29   1617.83
776.569   693.753   1379.62   1919.39   1445.21
798.297   685.69   1520.46   2138.56   1630.61
686.954   669.188   1408.19   1929.41   1539.35
741.502   758.937   1566.26   2205.25   1684.73
657.495   670.68   1418.2   1888.25   1442.94
645.026   670.078   1376.31   1891.47   1519.51
699.257   675.019   1474.81   1966.48   1620.46
784.981   774.042   1490.72   2018.71   1405.92
673.468   646.377   1377.12   1907.14   1439.33
649.71   646.142   1407.58   1913.63   1426.6
745.569   806.295   1669.72   2434.65   1611
813.23   734.329   1612.05   2140.53   1664.65
731.852   735.623   1535.34   1943.3   1402.67
665.226   648.9   1393.81   1956.51   1723.09
750.28   737.445   1616.99   2147.57   1667.33
874.651   824.456   1441.01   1942.59   1416.35
748.862   706.116   1627.49   2226.84   1589.82
747.177   748.168   1650.23   2203.44   1458.87
672.939   684.79   1378.61   1911.97   1466.98
696.007   774.053   1594.59   2209.88   1491.35
687.744   673.745   1417.32   1981.85   1648.87
712.395   757.857   1456.82   2029.52   1468.36
700.45   704.682   1473.54   2015.53   1627.5
822.925   721.511   1501.8   2118.83   1665.61
842.604   838.376   1688.46   2172.34   1464.34
673.02   710.386   1423.19   2181.01   1635.11
737.258   794.968   1582.83   2143.83   1432.22
689.839   706.636   1432.67   1977.32   1614.27
731.412   782.431   1540.56   1952.49   1555.57
684.604   881.069   1578.04   2140.38   1594.21
684.077   647.205   1405.44   1884.25   1431.36
646.108   645.389   1390.14   1895.62   1433.26
692.718   666.172   1424.7   2025.88   1511.96
679.668   666.713   1414.98   1992.52   1397.67
648.019   669.809   1397.27   1922.57   1436.74
794.637   714.885   1589.09   2052.94   1576.91
693.315   676.326   1455.34   2035.06   1632.26
758.362   787.897   1602.46   2146.09   1644.7
685.437   684.102   1432.83   1919.56   1446.12
679.689   708.682   1443.98   2187.91   1643.08
733.873   723.175   1617.69   2203.45   1425.12
677.421   708.581   1437   1944.15   1543.36
812.239   752.274   1585.48   2095.31   1710.1
646.541   671.204   1413.7   1951.18   1438.15
699.711   672.083   1629.84   2134.76   1604.91
750.893   772.49   1583.73   2045.71   1496.42
707.378   688.206   1462.61   2022.25   1632.58
797.618   756.178   1577.84   2184.61   1607.29
824.91   715.015   1496.01   1933.59   1492.81
672.859   671.801   1592.07   2157.46   1633.44
744.543   778.117   1559.9   2275.03   1535.39
647.22   646.24   1417.55   1939.77   1460.88
793.638   717.345   1569.18   2132.58   1628.41
731.382   760.273   1463   1873.78   1423.57
656.482   644.629   1405.82   1911.07   1426.88
705.957   682.812   1439.86   2238.26   1608.88
764.381   678.591   1478.32   1908.63   1459.09
657.742   645.165   1428.5   1891.35   1442.46
-rw-r--r--  1 Jeff  staff  20971552 Aug 11 02:54 ciphertextcbc.txt
-rw-r--r--  1 Jeff  staff  20971520 Aug 11 02:54 ciphertextcfb.txt
-rw-r--r--  1 Jeff  staff  20971520 Aug 11 02:54 ciphertextctr.txt
-rw-r--r--  1 Jeff  staff  20971552 Aug 11 02:54 ciphertextecb.txt
-rw-r--r--  1 Jeff  staff  20971520 Aug 11 02:54 ciphertextofb.txt
-rw-r--r--  1 Jeff  staff        32 Aug  9 23:22 plaintext.txt
-rw-r--r--  1 Jeff  staff  10485760 Aug 11 03:05 plaintextcbc.txt
-rw-r--r--  1 Jeff  staff  10485760 Aug 11 03:05 plaintextcfb.txt
-rw-r--r--  1 Jeff  staff  10485760 Aug 11 03:05 plaintextctr.txt
-rw-r--r--  1 Jeff  staff  10485760 Aug 11 03:05 plaintextecb.txt
-rw-r--r--  1 Jeff  staff  10485760 Aug 11 03:05 plaintextofb.txt
