key: 290345EF60EE9694C55DEED933D7E254AC2D8879FE89E403
iv: E11619F12108155FB8F32E7145F61828
ECB    |   CBC     |   OFB     |   CFB     |   CTR     |   Encrypt Time (ms)
134.18   0.129129    0.129346    0.12389   0.120919   
120.844   0.118695    0.123897    0.120084   0.122111   
126.155   0.123874    0.12228    0.149444   0.125492   
120.524   0.153276    0.121886    0.122176   0.122548   
120.373   0.119637    0.12117    0.126805   0.120173   
128.202   0.122348    0.137453    0.119934   0.116935   
121.956   0.124742    0.126557    0.123532   0.118663   
117.219   0.11621    0.121485    0.164382   0.120635   
130.92   0.118736    0.118559    0.121186   0.126801   
120.052   0.123579    0.132081    0.122336   0.118668   
122.715   0.120961    0.118988    0.123666   0.121543   
130.298   0.121603    0.131385    0.126383   0.158452   
119.998   0.120956    0.123158    0.12673   0.124664   
120.904   0.12478    0.121321    0.120735   0.12282   
120.526   0.124168    0.123128    0.119957   0.120181   
138.543   0.118957    0.123118    0.136021   0.130447   
144.928   0.127361    0.123371    0.150459   0.147336   
142.346   0.124309    0.138544    0.131167   0.126599   
130.272   0.137848    0.132833    0.135348   0.134701   
127.82   0.12445    0.118312    0.121206   0.118611   
117.838   0.140612    0.131182    0.116453   0.115509   
115.684   0.122466    0.11669    0.11578   0.115063   
117.443   0.116218    0.11587    0.115629   0.115464   
115.118   0.115361    0.116989    0.116172   0.116601   
115.662   0.14446    0.115966    0.119396   0.115476   
115.214   0.11602    0.116638    0.130936   0.132172   
119.665   0.117374    0.116149    0.115656   0.115788   
116.685   0.116206    0.115977    0.115584   0.115001   
120.663   0.115515    0.135452    0.116492   0.116631   
115.536   0.115686    0.115571    0.116519   0.115006   
115.389   0.115663    0.116273    0.117237   0.115114   
116.823   0.11615    0.116784    0.120983   0.116775   
132.747   0.122086    0.119566    0.116159   0.142364   
131.615   0.115628    0.11873    0.124614   0.119674   
116.372   0.115355    0.115684    0.116845   0.115122   
115.507   0.114968    0.116118    0.117094   0.11519   
115.756   0.11521    0.124155    0.115795   0.138634   
115.533   0.116739    0.116667    0.116026   0.116048   
116.791   0.115778    0.115484    0.115623   0.11527   
116.195   0.115321    0.115978    0.11584   0.115456   
115.255   0.115029    0.117025    0.115891   0.117057   
115.509   0.133389    0.116051    0.115644   0.117792   
115.43   0.115833    0.116958    0.115641   0.114946   
115.236   0.119968    0.115691    0.115456   0.114831   
116.028   0.115775    0.115759    0.115462   0.115316   
115.639   0.115956    0.13467    0.115761   0.116576   
115.422   0.11548    0.115708    0.116667   0.115198   
115.366   0.115376    0.116125    0.116449   0.114978   
117.936   0.115433    0.117012    0.116223   0.115187   
115.633   0.116586    0.116134    0.141545   0.115241   
116.751   0.115402    0.115879    0.115706   0.116257   
116.505   0.115379    0.115963    0.115558   0.116317   
115.548   0.115403    0.115606    0.116692   0.115258   
114.998   0.11464    0.115577    0.116837   0.140795   
119.751   0.116071    0.118072    0.115934   0.116197   
115.466   0.116228    0.115875    0.115674   0.11534   
116.772   0.115745    0.11587    0.116005   0.115773   
115.855   0.116284    0.115924    0.115621   0.115835   
115.618   0.138199    0.115992    0.116715   0.115349   
115.373   0.11534    0.117259    0.116833   0.115101   
118.201   0.115597    0.116465    0.115799   0.115967   
115.496   0.117018    0.11618    0.116111   0.115203   
116.991   0.115006    0.137718    0.115424   0.115336   
115.755   0.114723    0.115773    0.115958   0.114963   
114.81   0.114909    0.115638    0.11593   0.114781   
115.121   0.114757    0.116352    0.115545   0.115075   
118.457   0.11576    0.117001    0.116084   0.116165   
115.38   0.144451    0.115805    0.115518   0.115514   
116.716   0.115875    0.115728    0.11553   0.115214   
115.363   0.115478    0.11592    0.115818   0.115085   
115.436   0.114889    0.115408    0.115484   0.114788   
115.424   0.115608    0.13675    0.116095   0.115276   
116.881   0.11494    0.115608    0.115115   0.114749   
116.616   0.115687    0.115847    0.115076   0.119664   
116.289   0.115405    0.115183    0.115466   0.115378   
116.177   0.11579    0.116068    0.142798   0.115585   
115.685   0.115195    0.115986    0.116521   0.116098   
115.702   0.117078    0.116556    0.128557   0.115391   
118.064   0.116727    0.115821    0.116327   0.116532   
115.906   0.115848    0.11547    0.116037   0.115171   
132.636   0.115645    0.115718    0.115562   0.11603   
115.595   0.114926    0.119092    0.119384   0.118252   
119.141   0.130941    0.123086    0.134559   0.128807   
133.161   0.125835    0.129689    0.129751   0.118172   
147.434   0.115073    0.11586    0.116806   0.115453   
116.12   0.115707    0.115852    0.115691   0.115723   
115.391   0.115486    0.115884    0.116812   0.115435   
116.125   0.11549    0.116507    0.115885   0.114852   
115.467   0.133936    0.117946    0.115352   0.115092   
115.805   0.115774    0.11548    0.115789   0.117082   
117.291   0.115552    0.11606    0.116936   0.116231   
115.84   0.114924    0.116016    0.116105   0.115448   
115.341   0.116271    0.11589    0.143483   0.117169   
119.886   0.126002    0.117565    0.115756   0.116184   
115.336   0.116652    0.115846    0.115724   0.115204   
116.045   0.116157    0.115907    0.116526   0.11713   
115.331   0.114945    0.115466    0.116509   0.131625   
115.361   0.115649    0.115695    0.115665   0.11489   
115.011   0.114782    0.116583    0.115702   0.114682   
115.201   0.114678    0.116044    0.115059   0.114585   
key: 290345EF60EE9694C55DEED933D7E254AC2D8879FE89E403
iv: 00000000000000000000000000000000
ECB    |   CBC     |   OFB     |   CFB     |   CTR     |   Decrypt Time (ms)
75.943   66.563   141.631   188.758   140.817
91.541   65   141.104   191.252   141.506
64.177   64.251   139.765   188.72   140.596
64.123   64.305   141.122   187.832   140.213
64.956   64.338   139.797   187.855   140.049
64.306   85.044   141.321   187.864   140.265
64.134   64.848   139.322   187.09   139.871
64.188   64.276   141.532   189.64   140.83
63.986   64.563   139.43   187.013   140.255
64.453   64.33   167.402   187.988   139.981
64.684   64.913   140.093   188.168   140.733
64.41   64.648   140.591   187.654   140.275
64.035   64.268   140.195   188.275   140.337
64.204   64.296   175.601   188.353   140.157
64.083   64.454   139.874   187.93   140.378
64.71   64.542   141.041   187.278   140.79
65.444   64.266   139.351   188.078   144.418
68.322   65.672   141.465   209.035   140.863
63.845   64.152   139.888   187.855   140.088
66.766   64.448   140.765   187.622   140.422
63.696   63.957   139.503   187.773   140.795
64.826   64.307   140.914   213.543   140.378
63.894   64.05   139.265   188.03   139.98
64.298   64.761   140.98   187.33   139.65
63.893   64.023   139.207   187.666   141.908
64.459   64.414   140.982   214.191   140.83
64.231   64.252   139.416   190.087   141.518
64.51   66.86   141.602   197.448   140.403
69.265   64.97   143.281   191.25   141.285
66.59   65.366   141.039   187.877   164.385
64.395   64.503   139.238   190.2   141.038
64.602   64.143   140.681   189.033   140.153
63.736   63.952   138.877   186.926   139.572
63.946   63.976   140.63   195.46   160.884
65.308   64.692   139.133   187.203   139.838
64.391   64.029   140.157   186.771   139.951
63.794   64.039   139.842   187.647   140.193
64.291   64.168   141.852   187.89   139.805
84.115   64.972   139.742   187.815   140.511
64.704   64.784   140.573   187.923   140.105
64.53   64.095   139.297   188.14   140.714
64.205   64.145   140.476   187.283   141.357
63.986   92.831   139.986   188.012   140.326
64.556   64.239   142.447   187.52   140.427
63.964   64.683   139.261   188.135   140.385
64.318   64.186   140.43   188.283   140.432
63.936   64.158   157.579   188.088   140.169
64.139   64.096   141.452   187.17   140.11
65.412   64.54   140.244   187.759   141.056
64.157   64.804   140.973   187.844   140.445
63.814   64.223   154.967   187.632   140.553
64.198   64.29   140.88   188.199   139.817
63.828   64.514   139.7   188.067   140.053
64.09   64.571   140.732   187.338   142.458
64.193   64.509   139.132   212.734   145.539
64.613   65.225   141.393   189.08   143.188
64.323   64.269   139.929   193.373   141.995
64.346   64.921   142.766   191.047   143.242
65.15   64.992   141.204   215.304   142.444
64.654   64.057   141.289   189.409   140.807
64.299   64.499   139.568   188.051   140.198
64.165   64.38   140.947   187.524   140.322
63.927   64.934   140.679   217.685   144.064
66.62   65.52   141.596   189.724   142.703
65.362   64.481   142.505   189.986   142.871
65.191   83.853   151.045   189.562   140.683
63.922   64.399   140.13   187.893   140.418
64.591   64.239   162.289   188.081   142.244
64.495   64.187   139.497   188.804   141.337
64.274   64.335   142.085   189.267   139.986
63.785   64   139.275   187.84   139.737
64.726   65.602   169.648   187.791   140.966
64.059   65.015   139.606   187.808   139.68
64.753   64.228   141.9   187.809   141.265
63.754   64.275   139.039   187.16   139.665
63.947   64.111   140.743   215.506   139.614
63.858   64.007   139.032   187.241   141.916
64.194   66.717   140.936   187.813   141.002
64.482   64.199   138.916   188.376   140.504
64.083   63.917   140.713   215.348   140.345
63.583   64.073   139.169   188.831   141.375
66.644   64.629   140.874   187.796   140.216
63.88   64.396   139.148   189.199   140.148
64.573   64.58   140.995   213.53   140.582
63.866   64.092   141.082   187.927   139.96
64.361   64.562   141.754   187.502   139.84
64.679   63.934   139.39   187.257   140.558
64.164   64.42   141.041   189.063   158.186
64.128   64.167   141.654   188.381   140.521
64.768   64.091   141.365   187.501   140.062
63.848   64.058   139.334   187.689   140.359
64.629   64.185   140.788   187.891   158.092
64.022   67.948   139.582   189.867   140.161
64.307   64.256   140.598   187.664   140.249
66.922   64.519   140.155   188.001   140.064
64.56   64.566   141.169   187.973   140.411
91.306   64.415   139.576   187.956   140.812
64.166   64.399   141.036   187.874   140.027
63.981   64.104   139.059   187.535   140.299
64.224   64.36   141.065   187.323   142.216
-rw-r--r--  1 Jeff  staff  2097184 Aug 11 02:01 ciphertextcbc.txt
-rw-r--r--  1 Jeff  staff  2097152 Aug 11 02:01 ciphertextcfb.txt
-rw-r--r--  1 Jeff  staff  2097152 Aug 11 02:01 ciphertextctr.txt
-rw-r--r--  1 Jeff  staff  2097184 Aug 11 02:01 ciphertextecb.txt
-rw-r--r--  1 Jeff  staff  2097152 Aug 11 02:01 ciphertextofb.txt
-rw-r--r--  1 Jeff  staff       32 Aug  9 23:22 plaintext.txt
-rw-r--r--  1 Jeff  staff  1048576 Aug 11 02:02 plaintextcbc.txt
-rw-r--r--  1 Jeff  staff  1048576 Aug 11 02:02 plaintextcfb.txt
-rw-r--r--  1 Jeff  staff  1048576 Aug 11 02:02 plaintextctr.txt
-rw-r--r--  1 Jeff  staff  1048576 Aug 11 02:02 plaintextecb.txt
-rw-r--r--  1 Jeff  staff  1048576 Aug 11 02:02 plaintextofb.txt
