key: 290345EF60EE9694C55DEED933D7E254AC2D8879FE89E403
iv: E26EB6C6A833100F6D778D6930404E75
ECB    |   CBC     |   OFB     |   CFB     |   CTR     |   Encrypt Time (ms)
0.093   6.5e-05    6.1e-05    6e-05   6e-05   
0.058   5.6e-05    6e-05    5.5e-05   5.4e-05   
0.057   5.8e-05    5.4e-05    5.5e-05   5.5e-05   
0.057   5.9e-05    5.5e-05    5.5e-05   5.4e-05   
0.056   5.7e-05    5.4e-05    5.5e-05   5.4e-05   
0.058   5.7e-05    5.5e-05    5.4e-05   5.4e-05   
0.056   5.6e-05    8.1e-05    5.6e-05   0.000186   
0.385   6.5e-05    6.1e-05    6.1e-05   5.9e-05   
0.062   6.5e-05    0.001483    5.7e-05   5.6e-05   
0.057   5.6e-05    5.4e-05    5.6e-05   5.3e-05   
0.055   5.7e-05    5.4e-05    5.4e-05   5.4e-05   
0.058   5.7e-05    5.5e-05    5.4e-05   5.5e-05   
9.696   0.000362    0.000117    0.000117   9e-05   
0.093   9.2e-05    9e-05    9.4e-05   9.1e-05   
0.11   0.000106    0.00011    8.4e-05   7.9e-05   
0.083   8.2e-05    0.000333    0.000149   8e-05   
0.083   8.2e-05    8.2e-05    7.8e-05   7.8e-05   
0.083   0.000207    7.9e-05    7.8e-05   7.8e-05   
0.085   8.1e-05    7.9e-05    8.2e-05   7.7e-05   
0.202   8.1e-05    0.001078    8.9e-05   8.5e-05   
0.086   8.3e-05    7.9e-05    8.1e-05   7.8e-05   
0.082   9.2e-05    7.2e-05    7.6e-05   7.5e-05   
0.074   7.9e-05    7.8e-05    7.5e-05   7.3e-05   
0.081   7.4e-05    7.7e-05    7.2e-05   7e-05   
0.073   0.008408    0.000616    0.000112   0.000113   
0.113   0.000111    0.000105    0.000105   0.000111   
0.094   9.4e-05    0.005524    8.9e-05   9.5e-05   
0.095   9.4e-05    7.9e-05    8.4e-05   7.8e-05   
0.089   9.1e-05    8.1e-05    7.9e-05   7.8e-05   
0.2   8.5e-05    0.000118    8.1e-05   8e-05   
0.083   8.3e-05    7.9e-05    8e-05   0.000152   
0.107   0.000106    0.000105    0.000564   8.1e-05   
0.091   8.2e-05    7.9e-05    7.8e-05   7.7e-05   
0.081   0.000372    0.000562    7.2e-05   0.008203   
0.128   0.000121    0.000108    0.000114   0.000104   
0.112   0.000134    0.000668    0.000117   9.1e-05   
0.091   0.000396    8e-05    7.8e-05   7.8e-05   
0.082   0.00039    8.1e-05    7.9e-05   7.8e-05   
0.084   8.1e-05    7.8e-05    7.9e-05   7.9e-05   
0.427   8.4e-05    7.9e-05    7.9e-05   0.000417   
0.083   0.005085    8.8e-05    8.6e-05   7.9e-05   
0.088   8e-05    8.3e-05    7.7e-05   8.7e-05   
0.091   8.2e-05    7.9e-05    0.000133   7.9e-05   
0.09   8.3e-05    7.9e-05    0.000223   8.2e-05   
0.082   7.4e-05    7.6e-05    7e-05   7.6e-05   
0.08   7.8e-05    0.000352    7.2e-05   7.7e-05   
0.075   8e-05    0.000922    6.6e-05   0.0001   
0.188   7.1e-05    6.8e-05    6.9e-05   7.1e-05   
0.066   7.6e-05    6.9e-05    7.1e-05   0.000586   
0.068   7.2e-05    7e-05    7.2e-05   6.4e-05   
0.066   6.6e-05    0.007282    0.000923   9e-05   
0.087   9e-05    5.7e-05    7.8e-05   8.3e-05   
0.598   6.3e-05    8.7e-05    8.6e-05   8.6e-05   
0.061   8.6e-05    5.7e-05    7.8e-05   8.2e-05   
0.081   6e-05    5.6e-05    5.6e-05   5.4e-05   
5.129   0.003064    6e-05    5.8e-05   5.7e-05   
0.058   5.7e-05    5.9e-05    6.4e-05   0.000452   
0.061   9.8e-05    8.3e-05    5.6e-05   5.5e-05   
0.063   8.4e-05    8e-05    6.2e-05   0.000842   
0.061   5.9e-05    5.7e-05    5.6e-05   5.5e-05   
0.058   5.8e-05    5.6e-05    5.5e-05   5.6e-05   
0.139   7.7e-05    0.000313    7.5e-05   6.6e-05   
9.306   0.000561    7.7e-05    6.1e-05   6e-05   
0.064   6.6e-05    6e-05    6.3e-05   6e-05   
0.12   0.000196    7.2e-05    5.7e-05   5.7e-05   
0.063   6.2e-05    0.000412    6.1e-05   6e-05   
0.058   5.7e-05    5.6e-05    5.5e-05   6.7e-05   
0.624   7e-05    6.4e-05    6.1e-05   6e-05   
0.062   6.2e-05    6.6e-05    5.9e-05   0.000649   
0.058   8e-05    0.00012    5.9e-05   5.5e-05   
0.057   5.7e-05    5.8e-05    5.4e-05   5.4e-05   
0.102   5.8e-05    5.6e-05    0.001761   9.3e-05   
0.062   0.000146    5.9e-05    0.000402   5.8e-05   
0.086   7.8e-05    6e-05    6.1e-05   5.4e-05   
0.056   6.1e-05    0.000353    5.7e-05   5.4e-05   
0.058   5.7e-05    0.011907    0.000499   6.8e-05   
0.058   6.1e-05    6.2e-05    5.8e-05   5.3e-05   
0.343   0.001034    6.5e-05    8.9e-05   6e-05   
0.059   5.7e-05    5.5e-05    5.5e-05   0.000146   
0.066   6.4e-05    6.1e-05    6.1e-05   6e-05   
0.058   6.3e-05    0.000414    6e-05   5.8e-05   
0.058   5.8e-05    0.000684    6e-05   6.1e-05   
0.075   0.000169    5.8e-05    5.6e-05   5.6e-05   
0.057   5.8e-05    5.5e-05    5.5e-05   0.000274   
0.06   0.007662    0.000927    5.7e-05   5.5e-05   
0.059   5.7e-05    5.5e-05    6e-05   6.4e-05   
0.058   5.7e-05    5.4e-05    5.4e-05   0.004147   
0.063   6.4e-05    5.9e-05    5.8e-05   6.3e-05   
0.064   6.5e-05    6.2e-05    7.6e-05   0.000181   
0.065   6.3e-05    6e-05    6.3e-05   5.4e-05   
0.062   6.3e-05    5.9e-05    5.5e-05   0.005291   
0.065   6.2e-05    5.9e-05    6.1e-05   5.8e-05   
0.061   6.1e-05    6.3e-05    5.4e-05   5.4e-05   
0.057   6.2e-05    5.9e-05    5.9e-05   6.2e-05   
0.062   6.3e-05    6.2e-05    5.9e-05   5.4e-05   
0.245   0.000512    5.9e-05    5.5e-05   5.6e-05   
0.058   7.2e-05    5.5e-05    5.6e-05   0.000193   
0.06   9.4e-05    7.8e-05    6e-05   5.4e-05   
0.058   5.8e-05    6.1e-05    5.5e-05   5.4e-05   
0.057   6e-05    5.5e-05    5.5e-05   5.3e-05   
key: 290345EF60EE9694C55DEED933D7E254AC2D8879FE89E403
iv: 00000000000000000000000000000000
ECB    |   CBC     |   OFB     |   CFB     |   CTR     |   Decrypt Time (ms)
0.149   0.055   0.066   0.061   0.061
0.056   0.048   0.049   0.053   0.05
0.05   0.049   0.05   0.049   0.05
0.051   0.056   0.051   0.049   0.05
0.051   0.049   0.049   0.051   0.051
0.052   0.051   0.049   0.049   0.055
0.056   0.055   0.055   0.054   0.054
0.056   0.053   0.08   0.05   0.05
8.377   0.413   0.056   0.056   0.054
0.05   0.171   0.08   0.057   0.05
0.051   0.049   0.05   0.05   0.054
0.051   0.163   0.094   0.053   0.052
0.052   0.054   0.051   0.05   0.051
0.056   0.053   0.056   0.055   0.055
0.051   0.05   0.05   0.05   0.052
0.055   0.054   0.055   0.054   0.055
0.056   0.053   0.05   0.051   0.05
0.05   0.132   0.051   0.05   0.05
0.061   0.053   0.051   0.052   0.212
0.055   0.071   0.073   0.053   0.052
0.136   0.049   0.051   0.05   14.12
0.478   0.074   0.075   0.084   0.05
0.051   0.05   0.221   0.057   0.054
0.055   0.055   0.054   0.055   0.054
0.055   0.054   0.054   0.054   0.049
0.051   0.163   0.057   0.054   0.055
0.055   0.05   0.258   0.073   0.052
0.052   0.123   0.05   0.051   0.051
0.052   0.05   0.05   0.051   0.27
0.054   0.055   0.05   0.052   0.05
0.053   0.581   0.052   0.139   0.05
0.051   0.053   0.055   0.054   0.054
0.055   0.131   11.819   0.401   0.055
0.053   0.055   0.054   0.053   0.056
0.06   0.051   0.058   0.055   0.055
0.056   0.05   0.05   0.05   0.157
0.076   0.052   0.051   0.058   0.055
0.055   0.055   0.05   0.175   0.054
0.052   0.049   0.05   0.049   0.05
0.051   0.171   0.051   0.051   0.051
0.051   0.05   0.05   0.05   0.05
0.191   0.058   0.182   0.053   0.051
0.051   0.049   0.05   0.054   0.05
0.052   0.048   0.05   0.049   0.05
0.051   0.05   0.052   0.05   0.071
0.05   10.763   1.191   0.056   0.075
0.078   0.11   0.055   0.051   0.054
0.054   0.051   0.051   0.051   0.051
0.051   0.05   0.05   0.153   0.052
0.052   0.049   0.052   0.05   0.05
0.051   0.049   0.137   0.05   0.049
0.051   0.049   6.173   0.528   0.061
0.059   0.055   0.05   0.05   0.05
0.056   0.049   3.223   0.053   0.079
0.053   0.05   4.052   0.076   0.107
0.062   0.053   0.052   0.052   0.07
0.073   0.105   0.081   0.056   0.052
0.054   0.07   0.072   0.073   0.237
0.052   0.07   0.071   0.072   0.074
0.076   0.076   0.079   0.052   0.075
0.074   0.071   0.075   0.074   0.072
0.079   0.248   0.051   0.056   0.058
0.057   0.055   0.058   0.05   0.051
0.07   0.055   0.105   0.052   1.613
7.181   0.052   0.052   0.052   0.051
0.051   0.049   0.051   0.277   0.059
0.052   0.06   0.058   0.056   0.055
0.056   0.055   0.16   0.056   0.051
0.052   0.051   0.05   0.05   0.05
0.088   0.475   0.784   0.054   0.051
0.052   0.05   0.052   0.05   0.05
0.061   0.08   0.056   0.053   0.05
0.05   0.567   8.861   0.055   0.057
0.063   0.055   0.054   0.049   0.05
0.235   0.072   0.169   0.054   0.08
0.204   0.05   0.056   0.05   0.057
0.058   0.055   0.055   0.055   0.055
0.056   0.054   0.057   0.058   0.101
0.131   0.32   0.053   0.224   0.052
0.071   0.052   0.054   0.056   0.513
0.054   0.049   0.05   0.049   8.31
0.055   0.05   0.051   0.051   0.05
0.051   0.05   0.053   0.098   0.055
0.193   0.052   0.05   0.05   0.051
0.052   0.051   0.051   0.051   0.05
0.051   0.049   0.049   0.051   0.05
0.374   0.466   0.055   0.051   0.051
0.052   7.831   0.054   0.058   0.056
0.057   0.053   0.049   0.233   0.389
0.056   0.077   0.085   0.093   0.055
0.076   0.052   0.051   0.438   0.054
0.053   0.051   0.051   0.05   0.05
0.051   0.165   0.141   0.054   0.079
0.096   0.112   0.052   0.054   0.055
0.054   0.05   0.051   0.051   0.052
0.051   0.05   1.058   0.058   0.051
0.051   8.333   0.053   0.052   0.057
0.057   0.054   0.054   0.059   0.058
0.056   0.049   0.05   0.239   0.074
0.09   0.055   0.054   0.129   0.05
-rw-r--r--  1 Jeff  staff  96 Aug 10 00:37 ciphertextcbc.txt
-rw-r--r--  1 Jeff  staff  64 Aug 10 00:37 ciphertextcfb.txt
-rw-r--r--  1 Jeff  staff  64 Aug 10 00:37 ciphertextctr.txt
-rw-r--r--  1 Jeff  staff  96 Aug 10 00:37 ciphertextecb.txt
-rw-r--r--  1 Jeff  staff  64 Aug 10 00:37 ciphertextofb.txt
-rw-r--r--  1 Jeff  staff  32 Aug  9 23:22 plaintext.txt
-rw-r--r--  1 Jeff  staff  32 Aug 10 00:37 plaintextcbc.txt
-rw-r--r--  1 Jeff  staff  32 Aug 10 00:37 plaintextcfb.txt
-rw-r--r--  1 Jeff  staff  32 Aug 10 00:37 plaintextctr.txt
-rw-r--r--  1 Jeff  staff  32 Aug 10 00:37 plaintextecb.txt
-rw-r--r--  1 Jeff  staff  32 Aug 10 00:37 plaintextofb.txt
