key: 290345EF60EE9694C55DEED933D7E254AC2D8879FE89E403
iv: 1335F96ACDFC7131BFB66AC6493F9E4E
ECB    |   CBC     |   OFB     |   CFB     |   CTR     |   Encrypt Time (ms)
608.922   0.618929    0.666079    0.617028   0.608857   
612.098   0.590553    0.590957    0.608044   0.659694   
646.404   0.584598    0.612874    0.590833   0.583874   
586.353   0.603643    0.590558    0.586884   0.576435   
597.689   0.582618    0.589895    0.588461   0.579033   
621.944   0.581708    0.591153    0.587457   0.634242   
635.312   0.604904    0.635511    0.717411   0.687912   
638.259   0.598923    0.634263    0.601876   0.655279   
642.864   0.653302    0.605776    0.603128   0.598448   
586.848   0.628403    0.6118    0.596944   0.6132   
647.092   0.597566    0.595042    0.603871   0.585723   
611.272   0.595392    0.613054    0.598366   0.740667   
589.351   0.591044    0.603364    0.66809   0.641588   
630.392   0.642098    0.660648    0.61378   0.745019   
611.529   0.644514    0.601412    0.596522   0.592507   
632.458   0.633855    0.601295    0.606609   0.59483   
664.326   0.593019    0.60442    0.60109   0.603691   
625.772   0.603226    0.604206    0.609241   0.631453   
604.665   0.600894    0.611956    0.638067   0.593767   
598.97   0.657002    0.660164    0.610049   0.60349   
key: 290345EF60EE9694C55DEED933D7E254AC2D8879FE89E403
iv: 00000000000000000000000000000000
ECB    |   CBC     |   OFB     |   CFB     |   CTR     |   Decrypt Time (ms)
394.736   323.903   762.014   1091.11   841.319
415.623   352.512   874.637   1106.23   816.622
416.585   345.431   794.043   1035.79   727.309
341.076   326.259   731.438   1064.61   757.002
348.7   349.864   773.258   1022.59   751.603
338.073   348.758   770.159   978.412   728.189
333.162   371.847   815.668   1252.43   815.041
391.818   371.732   814.66   1064.47   846.8
349.279   379.791   792.639   1129.19   795.347
332.827   332.487   718.422   1017.66   728.95
338.195   335.401   761.295   1001.44   731.454
334.99   364.455   724.516   978.126   761.894
339.321   340.476   720.242   1014.32   888.37
386.621   384.782   828.544   1117.87   840.943
407.576   370.641   816.199   967.294   726.363
339.966   336.37   756.684   952.159   719.556
334.908   391.367   733.978   976.986   740.783
335.439   338.276   713.877   941.875   765.312
368.913   364.733   801.663   1091.42   851.98
374.055   406.51   833.995   1168.76   817.781
-rw-r--r--  1 Jeff  staff  10485792 Aug 11 00:45 ciphertextcbc.txt
-rw-r--r--  1 Jeff  staff  10485760 Aug 11 00:45 ciphertextcfb.txt
-rw-r--r--  1 Jeff  staff  10485760 Aug 11 00:45 ciphertextctr.txt
-rw-r--r--  1 Jeff  staff  10485792 Aug 11 00:45 ciphertextecb.txt
-rw-r--r--  1 Jeff  staff  10485760 Aug 11 00:45 ciphertextofb.txt
-rw-r--r--  1 Jeff  staff        32 Aug  9 23:22 plaintext.txt
-rw-r--r--  1 Jeff  staff   5242880 Aug 11 00:46 plaintextcbc.txt
-rw-r--r--  1 Jeff  staff   5242880 Aug 11 00:46 plaintextcfb.txt
-rw-r--r--  1 Jeff  staff   5242880 Aug 11 00:46 plaintextctr.txt
-rw-r--r--  1 Jeff  staff   5242880 Aug 11 00:46 plaintextecb.txt
-rw-r--r--  1 Jeff  staff   5242880 Aug 11 00:46 plaintextofb.txt
