key: B55E817489D5AF6E590470F2568CBD39CA95937C496487BA9DFD4494BAE0F232
iv: 12ECCA6BBFF0803D7361C0069FB9D018
ECB    |   CBC     |   OFB     |   CFB     |   CTR     |   Encrypt Time (ms)
119.333   0.117454    0.123815    0.150651   0.117386   
118.053   0.117407    0.117406    0.117278   0.116654   
116.196   0.115866    0.116492    0.116953   0.115577   
116.818   0.119939    0.119253    0.116601   0.115663   
134.435   0.116505    0.11692    0.117766   0.116677   
117.22   0.115538    0.116319    0.117646   0.115313   
116.663   0.116029    0.118344    0.117589   0.11545   
116.61   0.116359    0.116864    0.116186   0.115525   
115.659   0.15098    0.11668    0.116217   0.120264   
137.612   0.121021    0.120645    0.120584   0.122045   
117.413   0.118211    0.1165    0.117305   0.115702   
116.115   0.116264    0.117286    0.116852   0.115422   
116.059   0.115707    0.147408    0.116385   0.118761   
116.581   0.117499    0.115893    0.120916   0.124182   
127.129   0.1197    0.119148    0.129415   0.116475   
116.28   0.115845    0.116256    0.116299   0.115776   
116.189   0.115889    0.116773    0.142438   0.115214   
115.963   0.116392    0.116871    0.115981   0.115523   
115.924   0.117105    0.11682    0.11637   0.114913   
116.55   0.115156    0.11672    0.116299   0.115581   
116.283   0.115692    0.116303    0.119903   0.144878   
115.717   0.115694    0.116355    0.116883   0.116035   
115.747   0.115322    0.116462    0.116502   0.115109   
116.097   0.116195    0.117959    0.116252   0.115027   
116.573   0.120189    0.121086    0.118365   0.114857   
149.911   0.115985    0.115765    0.115883   0.114997   
116.301   0.115104    0.116279    0.120095   0.115729   
116.088   0.115427    0.116733    0.116863   0.115805   
116.566   0.115368    0.116452    0.116156   0.115232   
115.557   0.141899    0.117106    0.116561   0.11513   
116.162   0.115615    0.11598    0.115645   0.115016   
115.983   0.115089    0.116141    0.115943   0.115447   
116.445   0.115759    0.136717    0.119966   0.115781   
115.783   0.115107    0.142035    0.117171   0.115377   
115.562   0.115343    0.116325    0.116182   0.11563   
115.97   0.117203    0.116585    0.116161   0.115345   
116.221   0.115911    0.116549    0.11651   0.115444   
116.895   0.115495    0.116178    0.116133   0.136214   
115.73   0.115874    0.117768    0.117104   0.115087   
117.475   0.115086    0.116448    0.117465   0.115676   
115.536   0.115745    0.116841    0.116192   0.114893   
116.231   0.115235    0.115918    0.115877   0.114724   
144.662   0.115598    0.116647    0.116119   0.115658   
116.198   0.115677    0.116602    0.116171   0.116019   
115.982   0.115539    0.120526    0.116345   0.11505   
115.319   0.114983    0.116245    0.116732   0.115265   
115.598   0.140955    0.116657    0.116393   0.11482   
115.233   0.115972    0.115924    0.116001   0.115105   
117.249   0.118526    0.11639    0.117298   0.136285   
120.942   0.116754    0.115927    0.116491   0.115796   
116.037   0.1154    0.149821    0.117707   0.115484   
115.64   0.116201    0.116601    0.116487   0.115089   
115.694   0.115945    0.116556    0.11608   0.115198   
116.149   0.115519    0.115855    0.11598   0.115853   
116.125   0.116695    0.116179    0.135338   0.115862   
115.704   0.115563    0.11603    0.117664   0.115721   
115.833   0.118812    0.116989    0.116756   0.115325   
116.511   0.116049    0.116407    0.116933   0.116097   
116.72   0.115993    0.1164    0.11651   0.140468   
116.444   0.115903    0.116607    0.116345   0.115895   
116.151   0.11571    0.116149    0.116916   0.115372   
116.158   0.115462    0.116749    0.116689   0.115216   
115.851   0.12003    0.116711    0.116914   0.11568   
133.434   0.115227    0.116551    0.11659   0.115166   
116.538   0.116097    0.116874    0.116302   0.115786   
115.855   0.134823    0.124351    0.116803   0.115944   
115.998   0.115685    0.11629    0.116741   0.115799   
116.052   0.140231    0.116396    0.116224   0.115922   
115.698   0.121222    0.11737    0.116629   0.115015   
116.163   0.115957    0.116679    0.116059   0.114841   
115.625   0.11535    0.116017    0.115898   0.115478   
115.58   0.115878    0.140942    0.116042   0.115635   
115.717   0.115114    0.116339    0.11656   0.115621   
116.047   0.115454    0.116117    0.116189   0.115143   
116.037   0.119678    0.117165    0.117006   0.115276   
116.461   0.115595    0.117977    0.141949   0.115214   
116.031   0.114906    0.11612    0.115846   0.115049   
116.026   0.11538    0.115715    0.116434   0.11554   
116.308   0.115407    0.116546    0.116559   0.114943   
115.363   0.114918    0.116493    0.117223   0.116509   
138.715   0.116588    0.117768    0.116293   0.115069   
116.303   0.115704    0.116086    0.11634   0.115173   
115.741   0.115265    0.115945    0.115909   0.115037   
116.535   0.115379    0.115837    0.116108   0.115226   
115.588   0.138295    0.116989    0.116717   0.115319   
116.203   0.115867    0.116242    0.116238   0.114799   
117.42   0.11677    0.116458    0.116421   0.114708   
116.065   0.11533    0.116107    0.116087   0.115373   
116.201   0.115548    0.142499    0.116863   0.115835   
116.113   0.116011    0.116005    0.116857   0.1152   
115.891   0.115727    0.116278    0.116089   0.114921   
115.19   0.115461    0.116966    0.116244   0.115846   
118.603   0.115936    0.116974    0.116155   0.11507   
115.645   0.137997    0.116102    0.116565   0.115145   
116.142   0.115429    0.116035    0.11612   0.115685   
115.98   0.115478    0.116448    0.116288   0.115575   
115.984   0.115418    0.117679    0.117073   0.115388   
116.632   0.11615    0.137793    0.116608   0.115238   
119.65   0.115488    0.117067    0.116512   0.115246   
116.454   0.115748    0.11644    0.116306   0.114793   
key: B55E817489D5AF6E590470F2568CBD39CA95937C496487BA9DFD4494BAE0F232
iv: 00000000000000000000000000000000
ECB    |   CBC     |   OFB     |   CFB     |   CTR     |   Decrypt Time (ms)
77.264   68.239   140.934   154.73   224.486
66.591   69.063   141.774   173.675   143.922
65.894   68.734   140.57   149.398   142.228
65.747   66.84   140.879   148.084   142.35
70.352   66.334   140.299   148.164   143.005
66.043   66.817   140.697   148.144   169.807
66.438   66.541   140.345   147.948   142.173
65.501   66.477   140.224   148.361   142.354
65.66   66.552   140.684   148.625   142.349
65.785   66.85   140.213   148.112   142.133
65.112   100.495   140.893   148.206   142.832
66.548   66.347   141.562   148.292   143.01
70.256   72.978   141.725   148.436   142.386
66.928   66.547   139.926   148.573   143.572
65.843   66.828   140.828   175.816   144.285
66.069   66.311   140.873   149.304   143.071
67.729   74.667   152.877   157.322   153.563
69.939   70.85   150.326   150.598   147.768
67.097   72.326   142.521   175.075   149.232
69.929   68.549   143.45   155.035   149.712
69.074   67.198   143.152   152.878   145.415
67.238   68.968   147.755   154.202   146.179
70.58   74.56   141.395   149.015   142.345
67.496   102.129   151.758   157.392   146.228
68.238   67.898   144.19   152.578   146.845
66.298   66.417   140.305   148.552   142.237
65.093   66.135   139.767   148.385   141.856
65.609   66.262   140.906   163.62   141.86
113.285   66.989   140.564   147.824   141.544
66.056   66.066   140.505   147.957   146.937
65.483   66.799   140.341   147.894   142.295
67.696   66.914   140.114   148.251   164.177
65.365   66.321   140.58   148.207   142.457
65.725   66.278   140.266   148.536   142.096
65.143   66.466   142.857   148.495   141.855
65.696   67.027   140.672   148.081   142.016
90.402   66.639   140.612   147.878   141.951
65.793   66.798   140.536   147.586   141.889
65.645   66.686   139.934   147.937   142.333
65.952   66.151   140.623   147.9   142.376
64.943   66.513   174.239   148.251   142.83
65.872   66.147   139.996   151.247   141.896
65.209   66.117   140.623   147.784   141.539
65.81   66.188   140.432   147.682   142.258
65.37   66.64   140.742   147.872   167.885
66.641   66.381   140.219   148.318   142.778
65.513   66.297   140.229   150.49   142.563
65.86   66.381   140.281   148.984   142.419
65.261   66.06   141.852   148.454   141.765
65.925   86.932   140.662   148.367   142.358
65.9   66.117   140.716   147.683   141.739
65.924   66.144   140.865   148.314   143.012
65.639   66.903   140.132   150.215   143.208
67.726   66.297   139.702   177.086   144.443
65.314   66.267   140.272   148.374   142.771
65.89   66.084   140.438   147.941   142.016
65.058   66.588   141.802   154.606   141.628
65.601   66.334   140.699   147.86   158.294
65.432   66.399   141.339   147.866   144.659
65.705   67.331   139.779   147.943   141.917
66.285   66.254   140.14   148.056   142.231
65.632   66.203   139.316   148.217   142.783
65.153   66.284   167.244   148.393   141.592
65.846   66.192   140.352   148.86   142.239
65.212   66.342   140.718   147.778   141.895
68.851   66.062   141.158   148.171   142.061
65.135   66.585   139.867   165.373   141.825
65.966   67.198   139.625   148.676   142.816
65.183   66.39   139.93   149.243   146.026
65.785   66.564   140.876   148.652   142.062
65.13   66.282   140.26   148.645   165.429
65.784   68.486   140.905   148.095   141.901
65.76   66.177   140.125   148.575   141.947
65.735   66.222   140.498   148.077   142.383
65.143   66.933   140.056   148.003   141.429
65.688   65.937   157.891   147.826   141.977
65.547   66.167   139.971   147.818   142.031
65.618   66.188   143.211   148.994   142.341
65.273   66.44   140.558   148.231   141.749
65.636   66.416   143.043   184.193   175.526
65.522   66.289   140.024   147.649   142.638
66.544   66.316   143.174   151.271   143.255
65.515   66.309   140.441   148.222   142.44
66.038   66.249   141.944   148.143   167.924
65.01   66.272   140.399   148.695   142.018
65.749   66.593   140.563   148.034   142.265
65.026   66.18   140.843   148.166   142.285
65.801   66.474   140.043   148.101   142.243
65.095   66.716   156.157   148.461   141.985
66.032   66.489   139.614   149.728   142.448
65.384   66.958   140.203   147.721   141.703
65.657   66.468   140.625   148.523   142.494
64.943   66.163   139.53   164.913   141.708
65.592   66.727   141.863   148.166   142.363
65.629   66.161   145.585   151.011   142.674
66.412   66.718   140.374   147.871   146.648
65.443   66.138   139.953   148.33   142.704
65.803   66.382   140.539   148.21   142
64.852   66.061   166.483   147.981   141.591
65.583   66.016   140.542   148.247   141.659
-rw-r--r--  1 Jeff  staff  2097184 Aug 11 02:13 ciphertextcbc.txt
-rw-r--r--  1 Jeff  staff  2097152 Aug 11 02:13 ciphertextcfb.txt
-rw-r--r--  1 Jeff  staff  2097152 Aug 11 02:13 ciphertextctr.txt
-rw-r--r--  1 Jeff  staff  2097184 Aug 11 02:13 ciphertextecb.txt
-rw-r--r--  1 Jeff  staff  2097152 Aug 11 02:13 ciphertextofb.txt
-rw-r--r--  1 Jeff  staff       32 Aug  9 23:22 plaintext.txt
-rw-r--r--  1 Jeff  staff  1048576 Aug 11 02:14 plaintextcbc.txt
-rw-r--r--  1 Jeff  staff  1048576 Aug 11 02:14 plaintextcfb.txt
-rw-r--r--  1 Jeff  staff  1048576 Aug 11 02:14 plaintextctr.txt
-rw-r--r--  1 Jeff  staff  1048576 Aug 11 02:14 plaintextecb.txt
-rw-r--r--  1 Jeff  staff  1048576 Aug 11 02:14 plaintextofb.txt
