key: B55E817489D5AF6E590470F2568CBD39CA95937C496487BA9DFD4494BAE0F232
iv: 1385282C12AF0C9D96D736AF5933E45E
ECB    |   CBC     |   OFB     |   CFB     |   CTR     |   Encrypt Time (ms)
1385.54   1.40618    1.24618    1.23174   1.16171   
1182.35   1.15685    1.19555    1.16589   1.17312   
1159.82   1.18151    1.16763    1.19059   1.16081   
1185.35   1.16018    1.16873    1.18968   1.28204   
1262.82   1.237    1.27627    1.20214   1.17355   
1161.19   1.1821    1.16868    1.18579   1.21768   
1187.93   1.15866    1.18307    1.16425   1.18432   
1163.68   1.22486    1.24404    1.17972   1.19872   
1176.39   1.22489    1.17737    1.20293   1.28052   
1211.13   1.18549    1.21506    1.17173   1.22527   
1186.88   1.19134    1.17729    1.1922   1.17715   
1193.51   1.19668    1.22509    1.18009   1.21681   
1175.28   1.20646    1.17498    1.20839   1.19007   
1213.73   1.17709    1.29964    1.17145   1.29677   
1181.8   1.19117    1.18719    1.21051   1.19459   
1230.41   1.17635    1.19553    1.2074   1.17304   
1210.22   1.18624    1.19776    1.17786   1.19728   
1220.96   1.19988    1.19168    1.20771   1.17638   
1203.26   1.16464    1.20671    1.1936   1.19226   
1241.65   1.19061    1.17916    1.19341   1.20202   
1182.76   1.20832    1.1824    1.20984   1.17839   
1218.51   1.16029    1.1939    1.16476   1.19886   
1164.46   1.17715    1.1703    1.18674   1.15843   
1181.73   1.1591    1.19042    1.16243   1.15897   
1326.8   1.16687    1.19233    1.16906   1.22283   
1233.37   1.17872    1.16971    1.18703   1.15918   
1199.74   1.1599    1.19997    1.16756   1.19558   
1161.5   1.17544    1.17152    1.16294   1.18262   
1160.83   1.18745    1.16834    1.18643   1.15652   
1181.6   1.25597    1.1904    1.16376   1.15782   
1182.58   1.1578    1.1887    1.16679   1.18291   
1161.38   1.18169    1.16907    1.18877   1.15491   
1187.81   1.15771    1.18652    1.1655   1.1791   
1161.78   1.17732    1.16944    1.1638   1.17856   
1164.15   1.19043    1.2399    1.1851   1.16071   
1201.56   1.17502    1.19082    1.1657   1.19343   
1166.26   1.16674    1.17105    1.16293   1.18401   
1163.32   1.18011    1.16826    1.2084   1.16551   
1182.25   1.15821    1.18236    1.165   1.17851   
1162.18   1.18793    1.16882    1.22954   1.18297   
1163.2   1.17723    1.17308    1.1855   1.15943   
1188.7   1.16132    1.18927    1.16406   1.18132   
1166.02   1.18404    1.17258    1.19154   1.15888   
1163.82   1.17772    1.17273    1.18476   1.16269   
1187.57   1.15659    1.18396    1.16086   1.1995   
1165.11   1.17902    1.16949    1.18478   1.15758   
1193.33   1.15969    1.19445    1.165   1.15901   
1189.37   1.15933    1.19648    1.16188   1.18395   
1162.07   1.18424    1.17639    1.18144   1.15629   
1190.97   1.19101    1.18607    1.16406   1.2602   
1166.05   1.15689    1.19337    1.16267   1.18488   
1167.3   1.21028    1.17403    1.18421   1.17873   
1186.1   1.15606    1.18842    1.16559   1.19096   
1162.01   1.1808    1.16883    1.19234   1.15777   
1161.83   1.18427    1.17104    1.19217   1.15993   
1186.57   1.25611    1.18765    1.16252   1.18568   
1162.01   1.19217    1.19559    1.2001   1.15953   
1184.16   1.15989    1.19522    1.17066   1.18478   
1162.08   1.15848    1.19646    1.1646   1.20384   
1242.66   1.18948    1.16957    1.19099   1.17073   
1180.68   1.25066    1.19543    1.16753   1.17971   
1169.25   1.15881    1.1984    1.16484   1.18538   
1161.01   1.17922    1.16994    1.20334   1.15863   
1186.85   1.16052    1.18888    1.17765   1.17995   
1163.69   1.17705    1.16839    1.18149   1.16447   
1165.1   1.17862    1.1825    1.38445   1.16853   
1189.12   1.16052    1.20004    1.18293   1.25469   
1155.65   1.18365    1.17058    1.18998   1.15992   
1214.65   1.15867    1.19588    1.16979   1.19428   
1155.08   1.15949    1.19907    1.16793   1.18561   
1161.36   1.18561    1.17422    1.26883   1.16605   
1176.51   1.16036    1.19549    1.17192   1.16339   
1184.19   1.16246    1.19565    1.16726   1.18907   
1153.66   1.18607    1.17194    1.18426   1.16337   
1161.37   1.18118    1.1714    1.18713   1.16173   
1185.53   1.15902    1.19195    1.16706   1.27444   
1163.09   1.18529    1.17384    1.18981   1.16329   
1169.22   1.16369    1.19731    1.16864   1.18844   
1161.51   1.18381    1.1692    1.19414   1.15865   
1175.83   1.16105    1.19884    1.16913   1.19376   
1164   1.17983    1.17555    1.18656   1.16579   
1274.36   1.16191    1.17064    1.18791   1.161   
1174.33   1.18737    1.17489    1.18511   1.16163   
1182.48   1.15874    1.18874    1.16705   1.18287   
1178.38   1.18055    1.17062    1.19169   1.16246   
1184.12   1.15899    1.19696    1.16701   1.186   
1161.85   1.26978    1.17099    1.18659   1.16321   
1156.45   1.17846    1.17093    1.18358   1.16418   
1187.86   1.16073    1.19315    1.1657   1.18224   
1156.3   1.1951    1.17075    1.20224   1.16062   
1185.46   1.15936    1.19236    1.16787   1.15901   
1183.36   1.16305    1.27737    1.16703   1.18932   
1161.82   1.18543    1.17163    1.19447   1.16285   
1180.41   1.15924    1.19598    1.16748   1.18215   
1159.02   1.184    1.16948    1.16278   1.18305   
1153.4   1.18291    1.17089    1.18837   1.15649   
1187.86   1.16111    1.20402    1.24479   1.1962   
1165.67   1.18957    1.17306    1.18795   1.16372   
1164.57   1.23839    1.21247    1.20397   1.18031   
1310.43   1.206    1.28588    1.20341   1.2073   
key: B55E817489D5AF6E590470F2568CBD39CA95937C496487BA9DFD4494BAE0F232
iv: 00000000000000000000000000000000
ECB    |   CBC     |   OFB     |   CFB     |   CTR     |   Decrypt Time (ms)
813.949   686.513   1624.56   1719.05   1618.28
855.262   725.48   1793.24   1904.02   1566.84
706.971   680.264   1458.52   1738.16   1737.86
782.927   757.871   1707.06   1721.76   1678.9
782.928   728.823   1441.01   1587   1471.49
693.063   711.52   1644.12   1721.49   1681.79
833.201   720.293   1715.97   1713.27   1627.55
742.529   696.323   1450.3   1573.82   1468.92
747.023   716.53   1570.96   1802.06   1522.96
781.11   707.993   1600.02   1746.45   1644.99
767.277   725.454   1507.6   1530.27   1486.32
826.005   692.59   1651.78   1800.98   1631.68
790.611   751.93   1629.93   1821.81   1719.1
973.351   705.022   1458.87   1543.83   1607.31
765.851   751.178   1577.55   1614.24   1517.41
728.952   657.372   1513.67   1719.3   1716.42
775.833   738.887   1614.65   1808.05   1450.49
691.9   695.42   1483.86   1627.25   1616.6
805.482   742.083   1673.83   1665.98   1511.6
675.12   649.761   1419.42   1690.28   1629.32
756.924   832.564   1638.52   1783.13   1466.66
733.241   694.138   1566.13   1781.02   1565.84
886.587   727.037   1636.37   1691.76   1624.76
742.336   770.315   1567.56   1536.91   1479.09
706.719   732.569   1576.99   1751.94   1674.78
823.359   756.408   1697.58   1767.4   1609.73
767.36   706.362   1580.27   1810.55   1664.84
819.435   852.519   1494.43   1833.25   1811.49
740.015   740.425   1504.26   1562.88   2162.38
868.507   1083.34   1656.35   1717.08   1900.22
816.944   743.924   1851.25   1618.78   1596.11
847.695   860.07   1968.28   1912.74   1777.11
889.412   925.002   2014.8   2125.83   1894.73
802.049   787.247   1799.89   1590.86   1489.15
696.902   829.191   1743.08   1820.68   1623.92
848.768   789.371   1568.89   1624.68   1494.99
690.879   662.902   1414.37   1617.97   1729.85
774.339   806.101   1617.87   1713.97   1632.01
783.39   713.617   1465.1   1548.96   1554.75
743.28   737.471   1642.66   1740.34   1612.08
765.189   771.602   1570.43   1775.23   1663.6
751.854   756.622   1475.3   1521.08   1467.05
694.273   710.805   1550.3   1720.74   1707.41
769.24   762.78   1579.35   1847.1   1652.2
719.921   699.58   1532.08   1784.43   1646.84
748.08   754.437   1630.79   1600.37   1465.1
719.751   674.571   1501.1   1540.04   1550.38
755.728   738.562   1652.08   1696.37   1644.8
742.472   792.88   1611.36   1758.37   1610.72
712.301   870.234   1486.29   1559.66   1459.92
710.951   676.031   1570.67   1677.24   1665.75
741.378   757.828   1618.32   1691.48   1523.95
690.227   670.39   1490.1   1622.81   1610.05
778.569   779.961   1655.85   1693.73   1642.64
867.161   759.294   1735.86   1896.46   1710.25
813.238   697.168   1488.91   1543.6   1509.38
698.239   734.608   1659.02   1646.52   1643.19
789.322   772.035   1602.06   1781.95   1480.77
739.928   703.605   1441.38   1621.36   1643.64
798.151   700.003   1627.09   1788.69   1618.95
830.506   759.298   1634.66   1684.11   1641.54
801.017   745.358   1500.7   1617.04   1494
685.795   786.697   1569.15   1735.73   1652.12
747.575   757.014   1656.45   1752.33   1637.06
705.331   702.29   1451.88   1575.23   1521.56
813.39   760.267   1610.8   1702.74   1589.77
780.793   726.166   1428.73   1486.14   1503.06
661.36   648.073   1425.58   1591.95   1417.57
696.86   719.185   1455.11   1571.86   1526.43
730.502   755.419   1592.69   1703.89   1431.96
659.723   649.758   1425.02   1487.91   1434.1
699.947   678.63   1473.61   1564.83   1496.67
779.484   757.631   1575.61   1802.03   1459.4
713.599   675.579   1452.78   1711.3   1559.82
730.644   675.676   1426.91   1490.34   1461.48
661.084   650.458   1421.62   1488.54   1445.61
664.898   679.226   1493.91   1577.75   1566.67
803.385   782.339   1497.12   1565.53   1489.44
664.066   648.081   1437.26   1495.1   1447.11
660.474   649.483   1426.79   1493.57   1446.48
659.826   665.389   1403.84   1526.04   1432.47
682.38   651.002   1425.69   1535.12   1437.46
658.14   651.512   1411.36   1497.37   1449.94
659.243   720.817   1436.31   1524.36   1480.73
693.901   672.871   1401.49   1525.58   1515.42
729.878   734.416   1481.56   1503.89   1446.71
659.597   649.991   1429.04   1488.12   1456.85
661.025   675.522   1399.71   1514.54   1406
686.435   650.799   1529.12   1510.76   1429.45
658.712   648.935   1417.8   1494.21   1432.59
660.271   649.545   1427.31   1517.83   1406.49
670.526   681.68   1407.06   1521.56   1405.86
680.35   649.917   1427.4   1492.51   1433.82
659.561   648.907   1427.2   1591.33   1431.34
660.164   677.049   1400.33   1510.69   1406.58
687.732   649.404   1395.82   1520.21   1440.12
659.174   649.63   1429.26   1488.84   1434.98
661.443   648.445   1415.02   1516.52   1406.14
659.655   674.175   1395.64   1514.16   1432.44
660.249   656.694   1423.59   1483   1449.98
-rw-r--r--  1 Jeff  staff  20971552 Aug 11 03:15 ciphertextcbc.txt
-rw-r--r--  1 Jeff  staff  20971520 Aug 11 03:15 ciphertextcfb.txt
-rw-r--r--  1 Jeff  staff  20971520 Aug 11 03:15 ciphertextctr.txt
-rw-r--r--  1 Jeff  staff  20971552 Aug 11 03:15 ciphertextecb.txt
-rw-r--r--  1 Jeff  staff  20971520 Aug 11 03:15 ciphertextofb.txt
-rw-r--r--  1 Jeff  staff        32 Aug  9 23:22 plaintext.txt
-rw-r--r--  1 Jeff  staff  10485760 Aug 11 03:25 plaintextcbc.txt
-rw-r--r--  1 Jeff  staff  10485760 Aug 11 03:25 plaintextcfb.txt
-rw-r--r--  1 Jeff  staff  10485760 Aug 11 03:25 plaintextctr.txt
-rw-r--r--  1 Jeff  staff  10485760 Aug 11 03:25 plaintextecb.txt
-rw-r--r--  1 Jeff  staff  10485760 Aug 11 03:25 plaintextofb.txt
