key: B55E817489D5AF6E590470F2568CBD39CA95937C496487BA9DFD4494BAE0F232
iv: CE911E724BA8D3438809B33AF143D23A
ECB    |   CBC     |   OFB     |   CFB     |   CTR     |   Encrypt Time (ms)
0.168   0.000116    0.000106    0.000105   0.000116   
0.089   8.9e-05    8.5e-05    0.000151   9.3e-05   
0.098   0.000108    8.2e-05    8.4e-05   8.2e-05   
0.089   8.7e-05    8.6e-05    7.5e-05   8.2e-05   
0.088   8.7e-05    8.2e-05    8.4e-05   8.5e-05   
0.085   8.7e-05    7.6e-05    8.2e-05   8.1e-05   
0.081   8.8e-05    8.3e-05    8e-05   8.4e-05   
0.084   8.5e-05    8.1e-05    8.4e-05   8e-05   
0.085   8.9e-05    8.4e-05    8.1e-05   7.6e-05   
0.079   8.4e-05    8.6e-05    7.7e-05   8.3e-05   
0.079   8e-05    7.5e-05    0.007081   0.021111   
0.122   0.000111    0.000106    0.000103   9.9e-05   
0.099   9e-05    9.2e-05    8.9e-05   9.7e-05   
0.098   8.1e-05    8.2e-05    7.6e-05   7.5e-05   
0.08   0.006622    0.000346    8.3e-05   7.8e-05   
0.087   8.2e-05    7.7e-05    7.7e-05   7.7e-05   
0.08   8e-05    8.5e-05    0.000426   7.9e-05   
0.085   8.2e-05    7.7e-05    8.3e-05   7.7e-05   
0.081   8e-05    8.1e-05    8.4e-05   7.8e-05   
0.088   7.1e-05    6.7e-05    6.5e-05   0.000656   
0.433   7.6e-05    0.000101    7e-05   7e-05   
0.074   7.3e-05    7e-05    7e-05   9.9e-05   
0.079   9e-05    6.4e-05    6.8e-05   6.9e-05   
0.064   6.8e-05    0.001415    6.7e-05   6e-05   
0.065   0.000208    0.001221    9.1e-05   6.8e-05   
0.062   6.1e-05    5.8e-05    5.7e-05   6.1e-05   
0.058   6.1e-05    5.8e-05    5.4e-05   5.4e-05   
0.056   5.6e-05    5.3e-05    0.000315   5.4e-05   
0.063   5.7e-05    5.9e-05    5.4e-05   8.3e-05   
0.057   0.000262    0.000986    5.5e-05   6e-05   
0.061   5.5e-05    0.007726    5.5e-05   5.4e-05   
0.056   5.6e-05    5.3e-05    5.2e-05   5.2e-05   
0.059   5.5e-05    5.3e-05    5.3e-05   5.8e-05   
0.055   5.6e-05    5.4e-05    5.4e-05   0.000259   
0.061   6.1e-05    5.9e-05    6.1e-05   8.5e-05   
0.058   0.000188    5.7e-05    5.8e-05   5.3e-05   
0.06   6e-05    6e-05    5.7e-05   5.7e-05   
0.063   6.3e-05    5.7e-05    5.7e-05   5.7e-05   
0.061   6e-05    6e-05    6e-05   5.9e-05   
0.06   5.5e-05    5.3e-05    5.3e-05   5.3e-05   
0.059   5.6e-05    5.3e-05    9.2e-05   0.001682   
0.077   8.8e-05    7.5e-05    9.6e-05   5.9e-05   
0.082   0.000697    5.9e-05    5.5e-05   5.4e-05   
0.057   0.0085    0.000458    6.5e-05   6.8e-05   
0.066   6.1e-05    5.8e-05    5.9e-05   6.1e-05   
0.06   6.3e-05    6e-05    5.4e-05   5.3e-05   
0.394   0.0001    6.9e-05    5.9e-05   5.5e-05   
0.058   5.6e-05    6.5e-05    5.4e-05   5.9e-05   
0.056   5.7e-05    5.3e-05    5.7e-05   6.1e-05   
0.057   5.6e-05    5.3e-05    0.000184   5.7e-05   
0.066   6.2e-05    5.9e-05    5.9e-05   5.9e-05   
0.061   6.3e-05    5.8e-05    6e-05   5.8e-05   
0.063   6.2e-05    5.8e-05    6e-05   5.8e-05   
0.062   6.1e-05    5.9e-05    5.8e-05   5.9e-05   
0.062   6e-05    5.9e-05    5.7e-05   5.7e-05   
0.061   5.6e-05    5.8e-05    5.9e-05   5.3e-05   
8.758   0.002504    0.002755    5.5e-05   0.003181   
0.057   5.6e-05    5.4e-05    0.000283   9e-05   
0.083   5.8e-05    6.3e-05    5.7e-05   5.4e-05   
0.056   5.6e-05    5.3e-05    5.3e-05   5.3e-05   
0.055   5.6e-05    5.2e-05    0.000669   6e-05   
0.065   6.2e-05    5.3e-05    5.7e-05   5.7e-05   
0.061   5.9e-05    0.000475    5.7e-05   5.3e-05   
0.055   5.5e-05    0.000524    0.007688   5.9e-05   
0.057   5.7e-05    5.4e-05    5.5e-05   0.001081   
0.055   0.000522    5.7e-05    6.5e-05   5.4e-05   
0.056   5.4e-05    5.3e-05    5.3e-05   5.3e-05   
0.606   5.7e-05    5.9e-05    5.3e-05   5.2e-05   
0.06   5.8e-05    5.7e-05    0.000582   5.6e-05   
0.056   5.5e-05    5.3e-05    5.2e-05   5.2e-05   
11.538   6.2e-05    5.4e-05    5.9e-05   5.3e-05   
0.055   5.5e-05    5.6e-05    6.3e-05   5.8e-05   
0.061   0.000651    5.7e-05    5.4e-05   5.3e-05   
0.056   5.6e-05    0.000169    5.6e-05   6.1e-05   
0.062   5.6e-05    5.9e-05    6e-05   5.7e-05   
0.061   0.000453    5.6e-05    5.5e-05   8.8e-05   
0.092   6e-05    5.4e-05    5.3e-05   5.6e-05   
0.056   5.5e-05    5.4e-05    6.8e-05   6.3e-05   
0.061   5.9e-05    5.8e-05    5.4e-05   7.5e-05   
0.078   6.1e-05    6e-05    5.3e-05   5.4e-05   
0.057   6.1e-05    5.9e-05    5.2e-05   5.8e-05   
0.061   6.1e-05    5.8e-05    6e-05   5.9e-05   
0.064   6.1e-05    5.9e-05    5.8e-05   6e-05   
0.061   6.3e-05    6e-05    5.7e-05   5.3e-05   
0.055   0.002832    0.000178    8.2e-05   5.2e-05   
0.055   5.5e-05    5.2e-05    5.2e-05   5.6e-05   
0.061   6.3e-05    6e-05    5.9e-05   5.3e-05   
0.056   5.6e-05    0.008385    0.00078   5.4e-05   
0.056   5.5e-05    5.2e-05    5.2e-05   5.2e-05   
0.057   5.5e-05    5.4e-05    5.3e-05   5.8e-05   
0.056   0.000208    5.8e-05    8.5e-05   0.000113   
0.06   6.1e-05    6e-05    6.1e-05   5.4e-05   
0.056   6.2e-05    5.9e-05    7.5e-05   0.000327   
0.059   9.3e-05    5.6e-05    8.5e-05   7.6e-05   
0.098   9.6e-05    9.8e-05    5.3e-05   5.2e-05   
0.056   5.8e-05    5.3e-05    5.3e-05   0.000135   
0.059   5.5e-05    5.1e-05    5.2e-05   5.3e-05   
0.055   0.009444    7.2e-05    5.4e-05   0.000218   
0.063   6.2e-05    5.8e-05    5.7e-05   5.9e-05   
0.072   9e-05    9e-05    5.7e-05   9e-05   
key: B55E817489D5AF6E590470F2568CBD39CA95937C496487BA9DFD4494BAE0F232
iv: 00000000000000000000000000000000
ECB    |   CBC     |   OFB     |   CFB     |   CTR     |   Decrypt Time (ms)
0.129   0.055   0.062   0.054   0.054
0.989   0.052   0.05   0.05   0.059
0.079   0.05   0.054   0.069   0.048
0.104   0.049   0.227   0.049   0.05
3.385   0.051   0.054   0.051   0.052
0.057   0.051   0.047   0.05   0.049
0.05   0.049   1.046   0.084   0.049
0.059   0.079   0.071   0.079   0.052
0.052   0.05   0.049   0.048   0.048
0.052   0.063   0.048   0.047   0.102
0.051   0.068   0.05   0.048   0.103
0.051   0.048   0.05   0.047   0.05
0.05   0.048   0.048   0.046   0.046
0.074   0.048   0.092   0.047   0.048
0.05   0.048   0.145   0.057   0.054
0.052   0.049   9.207   0.837   0.059
0.056   0.062   0.053   0.064   0.056
0.138   0.055   0.053   0.052   0.049
0.051   0.049   0.049   10.068   0.051
0.056   0.049   0.059   0.059   0.069
0.05   0.073   0.048   0.113   0.803
0.066   0.056   0.051   0.051   0.049
0.058   0.056   0.05   0.048   0.049
0.051   0.05   0.049   0.177   0.051
0.052   0.049   0.049   0.048   0.049
0.051   0.048   0.151   0.049   0.049
0.051   0.054   0.05   0.048   0.049
0.052   0.05   0.058   0.053   0.049
0.05   0.048   0.05   0.054   0.054
0.056   0.049   0.047   0.048   1.429
0.052   0.049   0.05   0.048   0.048
0.074   0.048   0.048   0.05   0.048
0.051   0.178   0.052   0.056   0.053
0.058   0.049   9.67   0.103   0.101
0.104   0.092   0.09   0.105   0.081
0.225   0.096   0.081   0.079   0.088
0.072   0.078   0.075   0.091   0.129
0.074   0.07   0.069   0.068   0.067
0.071   0.068   0.071   0.092   0.095
0.071   0.068   0.068   0.067   6.904
0.106   0.102   0.093   0.091   0.09
0.094   0.091   0.096   0.078   0.082
0.083   0.079   0.077   0.081   0.078
0.091   0.071   0.076   0.075   0.069
0.071   0.081   0.075   0.079   0.079
0.073   0.078   0.071   0.074   0.069
0.081   0.07   0.078   0.069   0.072
0.073   0.076   0.075   0.074   0.068
0.072   0.069   11.199   0.113   0.064
0.189   0.104   0.064   0.062   0.061
0.067   0.064   0.063   0.06   0.062
0.064   0.066   0.055   6.533   0.062
0.059   0.062   0.062   0.061   0.06
0.063   0.062   0.06   0.064   0.055
0.084   0.048   0.048   10.767   0.066
0.063   0.054   0.054   0.049   0.049
0.052   0.057   0.056   0.061   0.052
0.082   0.05   0.048   0.066   0.069
0.258   0.064   0.065   0.075   0.071
0.073   0.08   0.072   0.054   0.068
0.052   0.055   0.049   0.054   0.64
0.056   0.07   0.35   0.055   0.068
0.071   0.069   0.057   0.051   0.058
0.056   0.054   0.048   0.049   0.048
0.051   1.658   0.055   0.053   0.06
0.056   0.056   0.096   0.057   0.05
0.052   0.05   0.05   0.116   0.495
0.154   0.071   0.052   0.051   0.052
13.014   0.209   0.063   0.05   0.051
0.05   0.049   0.048   0.186   0.121
0.053   0.054   0.072   0.186   0.051
0.051   0.049   0.11   0.049   0.049
0.051   0.049   0.049   0.048   0.048
0.052   0.048   0.048   0.049   0.07
0.05   0.049   0.048   0.047   0.07
0.052   0.048   0.049   0.048   0.048
0.05   0.049   0.049   0.048   0.091
0.113   0.053   0.106   0.049   0.048
0.051   0.132   0.058   0.047   0.049
0.05   0.048   0.075   0.048   0.049
0.053   0.05   0.047   0.047   10.227
0.38   0.055   0.055   0.053   0.052
0.055   0.053   0.055   0.047   0.047
0.051   0.048   0.157   0.049   0.049
0.05   0.131   0.048   0.049   0.049
0.051   0.05   0.048   0.047   0.149
0.088   0.072   0.05   0.078   0.049
0.05   0.049   11.51   0.053   0.055
0.06   0.055   0.048   0.047   0.047
0.054   0.048   0.055   0.048   0.075
0.052   0.049   0.049   0.048   0.209
0.051   0.05   0.079   0.789   0.049
0.05   0.048   0.049   0.047   0.048
0.049   0.048   0.049   0.048   0.527
0.052   0.05   0.048   0.047   0.048
0.051   0.049   0.048   0.047   0.048
0.051   0.048   0.048   0.048   0.048
0.05   0.048   0.048   0.049   0.103
0.05   0.048   1.855   0.05   0.049
0.052   0.054   0.053   0.055   0.053
-rw-r--r--  1 Jeff  staff  64 Aug 10 00:37 ciphertextcbc.txt
-rw-r--r--  1 Jeff  staff  32 Aug 10 00:37 ciphertextcfb.txt
-rw-r--r--  1 Jeff  staff  32 Aug 10 00:37 ciphertextctr.txt
-rw-r--r--  1 Jeff  staff  64 Aug 10 00:37 ciphertextecb.txt
-rw-r--r--  1 Jeff  staff  32 Aug 10 00:37 ciphertextofb.txt
-rw-r--r--  1 Jeff  staff  32 Aug  9 23:22 plaintext.txt
-rw-r--r--  1 Jeff  staff  16 Aug 10 00:37 plaintextcbc.txt
-rw-r--r--  1 Jeff  staff  16 Aug 10 00:37 plaintextcfb.txt
-rw-r--r--  1 Jeff  staff  16 Aug 10 00:37 plaintextctr.txt
-rw-r--r--  1 Jeff  staff  16 Aug 10 00:37 plaintextecb.txt
-rw-r--r--  1 Jeff  staff  16 Aug 10 00:37 plaintextofb.txt
