key: B55E817489D5AF6E590470F2568CBD39CA95937C496487BA9DFD4494BAE0F232
iv: 3A7BF94CFC4149660D90E0994E466D1A
ECB    |   CBC     |   OFB     |   CFB     |   CTR     |   Encrypt Time (ms)
31876.7   33.0635    32.3927    31.4592   31.5238   
30934.2   31.3014    31.3529    32.4748   32.8159   
31396.8   30.9456    31.7109    32.1071   32.1737   
31139.3   31.6199    36.8044    31.7705   31.995   
31455.7   32.307    32.7274    33.0992   31.5285   
31926.6   31.9504    32.0004    31.6029   31.9252   
30881.9   31.9126    32.1812    31.5612   31.5861   
31117.6   32.7209    31.7107    33.2007   31.1279   
31819.3   31.1071    31.8439    31.2273   31.1915   
31503.3   32.187    31.634    32.6111   31.6044   
35844   54.762    36.2361    52.0282   34.549   
46364.8   42.3528    35.2475    34.791   43.4378   
32016.7   35.4922    34.0174    34.9083   32.328   
35066.1   33.0163    34.5067    33.4158   36.9192   
34984.1   33.9178    33.1044    32.9447   33.6884   
32266.9   34.3221    36.9865    32.6748   35.6173   
33014.9   34.2428    35.8899    32.803   32.4075   
32499.7   32.6354    33.7539    37.5753   32.048   
33348.9   46.281    39.1647    35.0001   32.7002   
35098.7   35.8651    37.6999    37.7602   32.9061   
46422.2   33.5391    33.5373    34.3572   33.615   
34405.9   31.9721    32.0131    32.3432   31.87   
53686.2   46.3283    39.2951    37.7308   32.9626   
31650.9   32.2829    32.4047    33.1961   33.6971   
35302.3   34.9648    33.7571    33.7557   34.462   
33923.1   32.9482    33.236    32.6794   35.8421   
34077.5   33.1785    34.7635    36.3194   33.2457   
33244   33.1176    34.0452    36.9691   35.8903   
33662.9   34.2807    32.9127    34.9507   33.8867   
34598.3   34.0295    33.0297    37.0636   34.6156   
32353.9   34.0602    33.4165    31.7601   32.7335   
31845.2   33.3302    33.167    34.2194   33.4314   
32706.8   32.8418    32.0206    32.3546   31.8152   
33245.3   32.9063    34.3459    33.4059   32.2332   
33725   33.852    33.5375    33.11   43.948   
33914.5   36.1291    33.6699    39.9961   37.1227   
34514.3   42.2686    41.7466    37.4158   34.096   
33287.6   36.5558    32.7028    34.222   32.2763   
33229.1   33.8101    35.6299    43.5498   33.8825   
33054.6   33.7431    35.2885    37.2752   34.5561   
33025.8   33.8836    36.8049    35.3888   36.1948   
38549.5   32.3063    32.723    70.4237   38.3397   
57053.8   34.9662    40.1356    32.5837   41.4366   
33946.1   41.8606    40.7942    33.3905   33.1757   
31755.3   32.3761    33.8862    32.2885   32.3897   
32087.5   36.8559    34.5951    37.0015   42.3884   
32858.8   56.452    41.5988    33.0498   32.2771   
34081.9   44.3278    32.5088    35.0169   55.7107   
35987.7   34.7711    38.8419    33.9009   32.8247   
36166.6   32.6309    32.7382    37.1256   41.1832   
37077.1   38.8809    37.0689    32.9835   35.0756   
32837.7   34.7194    35.1819    45.2569   47.6036   
38488.5   37.0322    31.738    35.7104   33.9207   
34834.8   35.0246    32.6412    33.1614   32.7377   
34558   35.3355    63.4316    46.6983   40.256   
78132.2   75.0665    187.626    161.56   145.321   
75715.4   56.6155    38.3112    31.1043   32.311   
34270   32.3096    40.9898    35.302   34.1977   
31538.3   33.5005    32.2739    31.5832   34.81   
32312.9   35.1433    33.4649    32.1267   32.0378   
34503.6   33.1    32.4044    31.2234   32.5652   
34022.9   32.7009    31.0023    31.9725   31.2576   
32283.5   31.7249    35.2261    31.2491   31.6681   
30920.1   33.1352    35.3583    32.5357   32.4648   
32147.6   31.2643    31.3743    32.3246   32.0171   
30698.5   31.3179    31.9577    31.5412   33.361   
30892.9   31.1731    32.1136    31.0379   30.7157   
31156.4   31.6813    33.1631    31.5154   31.0893   
32015.9   31.4455    31.927    30.8711   30.7438   
30960.5   32.4626    31.3962    32.1242   32.3199   
32161.9   31.8783    31.6669    30.8883   30.982   
31267.8   31.996    32.2992    32.5065   32.0872   
32389.4   32.1384    32.3549    34.5296   33.4948   
33426.8   33.7456    34.8025    41.8621   35.07   
33356.3   31.7363    32.5086    32.4145   31.7918   
31037.8   32.6208    32.0834    31.6268   32.0091   
31227.7   32.0733    32.7814    32.9313   32.3695   
36172   32.6521    33.1428    32.0995   31.7582   
31543.9   31.862    31.6296    31.2243   31.659   
31614.8   33.1743    31.8167    32.7095   32.4021   
31169.4   32.578    32.4821    30.9414   31.3649   
31220.6   31.3315    32.5226    30.9843   30.7594   
31160.9   31.6052    31.0792    31.9893   31.8653   
31244.1   31.3892    31.908    30.8593   31.0558   
30761   31.1198    31.6668    31.1412   31.2749   
32196.3   31.6789    31.8877    30.8472   30.6754   
31129.3   30.7109    31.2907    31.4597   31.057   
31248.1   31.7408    31.726    31.3327   30.8681   
30920.2   30.8274    31.0624    31.4856   31.0093   
31111.2   31.7412    31.9208    31.3253   30.9406   
37871.6   31.2684    31.0492    31.4637   31.4272   
30966.8   31.4255    33.803    32.0727   31.1633   
30941.5   32.0536    31.9348    31.4823   31.7791   
31258.8   31.6965    31.9234    32.3253   31.3255   
32145   31.7257    32.4633    32.2135   31.8696   
30735.6   31.3387    30.835    32.431   31.0274   
32458.2   32.0426    32.2712    38.974   34.7744   
31907.5   30.8456    32.1859    32.2777   32.8192   
31575.7   32.1194    33.3462    32.7147   32.1469   
33137.7   32.5446    31.3126    31.3654   31.205   
-rw-r--r--  1 Jeff  staff  536870944 Aug 12 02:37 ciphertextcbc.txt
-rw-r--r--  1 Jeff  staff  536870912 Aug 12 02:38 ciphertextcfb.txt
-rw-r--r--  1 Jeff  staff  536870912 Aug 12 02:38 ciphertextctr.txt
-rw-r--r--  1 Jeff  staff  536870944 Aug 12 02:36 ciphertextecb.txt
-rw-r--r--  1 Jeff  staff  536870912 Aug 12 02:37 ciphertextofb.txt
-rw-r--r--  1 Jeff  staff  268435456 Aug 11 21:45 plaintextcbc.txt
-rw-r--r--  1 Jeff  staff  268435456 Aug 11 21:46 plaintextcfb.txt
-rw-r--r--  1 Jeff  staff  268435456 Aug 11 21:47 plaintextctr.txt
-rw-r--r--  1 Jeff  staff  268435456 Aug 11 21:45 plaintextecb.txt
-rw-r--r--  1 Jeff  staff  268435456 Aug 11 21:46 plaintextofb.txt
