key: B55E817489D5AF6E590470F2568CBD39CA95937C496487BA9DFD4494BAE0F232
iv: D18FF052898581DC3380A3F2440DCB97
ECB    |   CBC     |   OFB     |   CFB     |   CTR     |   Encrypt Time (ms)
599.932   0.639857    0.629667    0.663156   0.601713   
622.282   0.63007    0.746182    0.610251   0.619861   
590.934   0.593395    0.60799    0.590846   0.586261   
584.979   0.603952    0.592407    0.586827   0.58383   
607.887   0.583279    0.586443    0.592845   0.590319   
613.814   0.586184    0.590234    0.58742   0.609232   
582.839   0.583538    0.583981    0.606925   0.583149   
582.703   0.585595    0.612114    0.587275   0.584624   
583.231   0.610411    0.588696    0.587998   0.582652   
620.733   0.583025    0.584328    0.586037   0.586546   
609.616   0.583102    0.586758    0.586782   0.597754   
580.256   0.580542    0.58646    0.670689   0.588576   
587.655   0.587386    0.617194    0.622411   0.587909   
585.61   0.60929    0.592132    0.589351   0.602884   
591.446   0.62659    0.598865    0.595663   0.588283   
630.727   0.587639    0.584486    0.586363   0.608232   
599.618   0.584775    0.596636    0.607621   0.582939   
584.453   0.58966    0.610732    0.587326   0.582513   
598.147   0.587942    0.615827    0.586455   0.582484   
581.626   0.600257    0.590353    0.586251   0.582138   
key: B55E817489D5AF6E590470F2568CBD39CA95937C496487BA9DFD4494BAE0F232
iv: 00000000000000000000000000000000
ECB    |   CBC     |   OFB     |   CFB     |   CTR     |   Decrypt Time (ms)
388.136   346.497   710.621   928.855   741.467
327.817   334.552   729.059   1096.84   727.43
341.146   334.503   751.441   968.231   714.851
334.599   346.172   806.452   1023.21   731.676
339.593   333.76   721.965   934.658   740.362
342.492   410.953   890.453   1367.75   868.459
410.654   502.369   1094.99   1281.56   1013.73
455.128   499.42   1002.42   1287.16   1025.73
485.922   506.336   824.517   1125.32   742.478
347.947   356.232   848.271   995.839   861.749
474.566   376.993   742.825   1166.36   835.07
427.818   339.435   812.728   1026.82   791.949
346.946   447.698   886.109   1005.17   790.405
354.441   373.582   850.635   1055.24   808.337
398.787   406.048   825.993   1059.95   759.421
352.718   335.145   729.155   964.084   775.456
344.656   353.984   743.053   951.934   775.424
351.69   337.532   740.209   985.903   855.788
398.382   372.886   835.836   1064.31   832.029
530.168   432.986   851.272   1035.42   735.649
-rw-r--r--  1 Jeff  staff  10485792 Aug 11 00:47 ciphertextcbc.txt
-rw-r--r--  1 Jeff  staff  10485760 Aug 11 00:47 ciphertextcfb.txt
-rw-r--r--  1 Jeff  staff  10485760 Aug 11 00:47 ciphertextctr.txt
-rw-r--r--  1 Jeff  staff  10485792 Aug 11 00:47 ciphertextecb.txt
-rw-r--r--  1 Jeff  staff  10485760 Aug 11 00:47 ciphertextofb.txt
-rw-r--r--  1 Jeff  staff        32 Aug  9 23:22 plaintext.txt
-rw-r--r--  1 Jeff  staff   5242880 Aug 11 00:48 plaintextcbc.txt
-rw-r--r--  1 Jeff  staff   5242880 Aug 11 00:48 plaintextcfb.txt
-rw-r--r--  1 Jeff  staff   5242880 Aug 11 00:48 plaintextctr.txt
-rw-r--r--  1 Jeff  staff   5242880 Aug 11 00:48 plaintextecb.txt
-rw-r--r--  1 Jeff  staff   5242880 Aug 11 00:48 plaintextofb.txt
