key: B55E817489D5AF6E590470F2568CBD39CA95937C496487BA9DFD4494BAE0F232
iv: E60AF40C994BA196282BC4642D93AB24
ECB    |   CBC     |   OFB     |   CFB     |   CTR     |   Encrypt Time (ms)
0.095   6.4e-05    6.6e-05    5.7e-05   5.8e-05   
0.056   0.004404    0.000134    8.1e-05   5.4e-05   
0.085   6e-05    5.6e-05    5.5e-05   5.5e-05   
0.057   0.000182    8.2e-05    6.1e-05   5.4e-05   
0.064   6.2e-05    5.6e-05    5.9e-05   5.9e-05   
0.059   0.000166    5.8e-05    5.6e-05   5.4e-05   
0.059   5.7e-05    5.5e-05    0.000158   5.5e-05   
0.058   5.9e-05    5.5e-05    5.5e-05   6.2e-05   
0.06   6.3e-05    0.000129    6e-05   6e-05   
0.062   6.3e-05    6e-05    5.5e-05   5.4e-05   
0.059   0.009339    0.000975    8.9e-05   6.1e-05   
0.062   6.4e-05    5.4e-05    5.6e-05   0.000107   
0.079   5.8e-05    5.5e-05    5.5e-05   5.5e-05   
0.058   5.8e-05    5.5e-05    5.6e-05   5.8e-05   
0.058   5.7e-05    5.5e-05    5.5e-05   5.5e-05   
0.057   5.9e-05    0.00013    5.5e-05   5.4e-05   
0.056   5.7e-05    5.5e-05    5.5e-05   5.4e-05   
0.058   5.8e-05    5.5e-05    5.4e-05   5.3e-05   
0.056   0.006471    0.000765    8.5e-05   0.00022   
0.067   0.002317    5.5e-05    5.5e-05   5.7e-05   
0.057   5.7e-05    5.5e-05    5.4e-05   5.4e-05   
0.057   5.8e-05    5.6e-05    0.000184   5.7e-05   
0.064   5.7e-05    6.3e-05    5.5e-05   5.5e-05   
0.347   6.5e-05    6e-05    6.3e-05   6e-05   
0.066   6.5e-05    5.9e-05    0.000221   5.5e-05   
0.063   6.2e-05    5.9e-05    5.9e-05   5.9e-05   
0.063   5.9e-05    5.5e-05    5.5e-05   0.011595   
0.416   5.9e-05    5.6e-05    6e-05   6e-05   
0.056   9.7e-05    0.00027    5.5e-05   5.4e-05   
0.062   6.3e-05    6.1e-05    6e-05   6.1e-05   
0.063   6.5e-05    5.8e-05    6e-05   5.9e-05   
0.057   5.8e-05    5.5e-05    5.5e-05   5.5e-05   
0.058   6.2e-05    5.9e-05    5.9e-05   5.8e-05   
0.062   6.2e-05    5.9e-05    5.9e-05   5.9e-05   
0.062   5.6e-05    6.1e-05    5.5e-05   5.5e-05   
0.064   6.2e-05    6.1e-05    6.2e-05   5.9e-05   
0.062   6.2e-05    5.9e-05    5.4e-05   5.5e-05   
0.057   0.000652    5.7e-05    5.6e-05   9.8e-05   
0.084   0.000177    6.3e-05    6.2e-05   6.1e-05   
0.058   5.7e-05    5.6e-05    5.5e-05   5.5e-05   
9.927   0.005775    6.2e-05    5.7e-05   5.6e-05   
0.081   6.1e-05    5.5e-05    0.000157   5.6e-05   
9.572   0.000119    0.000113    0.000105   0.000102   
0.116   0.000113    8.8e-05    0.00026   9.2e-05   
0.096   9e-05    8.1e-05    8.1e-05   7.8e-05   
0.082   8.2e-05    7.9e-05    7.9e-05   8e-05   
0.091   9e-05    8.6e-05    8.5e-05   8e-05   
0.083   8.8e-05    0.005369    0.000931   0.000144   
0.107   8.2e-05    7.1e-05    7e-05   0.004954   
0.073   0.000232    7.1e-05    6.6e-05   6.4e-05   
0.068   6.9e-05    6.3e-05    6.4e-05   0.000176   
0.067   8.8e-05    0.000166    5.9e-05   6.7e-05   
0.08   0.00025    5.7e-05    6.1e-05   5.5e-05   
0.062   5.8e-05    6.6e-05    6.1e-05   6.5e-05   
0.062   6.6e-05    6.1e-05    6.2e-05   5.5e-05   
0.059   5.8e-05    5.5e-05    5.6e-05   5.5e-05   
0.057   5.7e-05    5.7e-05    6e-05   5.9e-05   
0.062   6.5e-05    6e-05    5.9e-05   6.4e-05   
0.063   6.4e-05    6.2e-05    6.1e-05   6.1e-05   
0.063   5.8e-05    5.5e-05    0.00989   6.5e-05   
0.06   6e-05    6.2e-05    5.8e-05   5.5e-05   
0.058   6.1e-05    5.5e-05    5.5e-05   5.5e-05   
0.057   5.8e-05    5.6e-05    6.1e-05   5.6e-05   
0.058   5.7e-05    5.6e-05    5.4e-05   0.000149   
0.058   5.8e-05    5.5e-05    5.6e-05   5.4e-05   
0.057   5.6e-05    5.6e-05    5.6e-05   5.5e-05   
0.058   5.7e-05    5.6e-05    5.5e-05   5.4e-05   
0.057   5.7e-05    5.5e-05    5.4e-05   5.3e-05   
0.058   8.4e-05    5.9e-05    5.6e-05   5.4e-05   
0.057   5.7e-05    5.5e-05    5.5e-05   0.000177   
0.116   6.3e-05    5.6e-05    5.5e-05   5.5e-05   
0.058   5.7e-05    9.6e-05    7.2e-05   6e-05   
0.062   6.3e-05    6.2e-05    7.1e-05   0.002183   
0.064   9.1e-05    6.2e-05    6e-05   5.9e-05   
0.063   5.8e-05    5.6e-05    5.4e-05   0.025111   
0.528   0.000106    0.000108    8.1e-05   7.8e-05   
0.087   8.5e-05    0.000189    8.4e-05   7.9e-05   
0.086   9e-05    7.9e-05    7.9e-05   8.7e-05   
0.089   0.00028    8.4e-05    8e-05   7.9e-05   
0.083   8.2e-05    7.9e-05    8.8e-05   0.000238   
0.1   8.8e-05    8.2e-05    7.9e-05   7.8e-05   
0.08   8.5e-05    7.9e-05    0.000115   0.000114   
0.089   8.2e-05    7.9e-05    0.001916   7.5e-05   
0.083   0.000205    7.1e-05    0.0001   8.9e-05   
0.079   7.9e-05    7e-05    7.9e-05   7.5e-05   
0.089   7.3e-05    6.3e-05    6.6e-05   6.3e-05   
0.065   6.5e-05    0.00082    7.1e-05   7.1e-05   
0.071   7e-05    6.3e-05    0.000196   6.6e-05   
0.369   5.8e-05    6.1e-05    5.4e-05   5.4e-05   
0.056   6.3e-05    6e-05    6.1e-05   6.6e-05   
0.064   6.3e-05    5.3e-05    5.4e-05   5.3e-05   
0.058   5.6e-05    5.4e-05    0.00692   0.000997   
0.059   9.2e-05    0.002197    5.6e-05   5.5e-05   
0.058   6e-05    5.6e-05    6.1e-05   5.9e-05   
0.065   5.7e-05    6.2e-05    5.9e-05   5.8e-05   
0.181   7.3e-05    9.4e-05    6e-05   7.1e-05   
0.165   5.9e-05    6.1e-05    0.000143   5.6e-05   
0.077   7.7e-05    7.8e-05    5.8e-05   5.4e-05   
0.057   5.6e-05    5.6e-05    5.4e-05   5.4e-05   
0.058   5.8e-05    0.000466    5.7e-05   5.4e-05   
key: B55E817489D5AF6E590470F2568CBD39CA95937C496487BA9DFD4494BAE0F232
iv: 00000000000000000000000000000000
ECB    |   CBC     |   OFB     |   CFB     |   CTR     |   Decrypt Time (ms)
0.155   0.055   0.068   0.064   0.062
0.051   0.054   0.057   0.058   0.054
0.067   0.054   0.196   0.059   0.065
0.123   0.052   0.057   0.052   0.055
0.056   0.05   0.056   0.054   0.058
0.057   0.137   0.051   0.05   0.051
0.051   0.049   0.055   0.051   0.051
7.463   0.687   6.692   0.097   0.104
0.105   0.093   0.095   0.101   0.095
0.094   0.081   0.082   0.081   0.083
0.084   0.081   0.089   0.079   0.072
7.6   0.141   0.079   0.08   0.077
0.079   0.078   0.074   0.108   0.074
0.083   0.076   0.079   0.072   0.077
0.205   0.073   0.079   0.073   0.078
0.075   0.077   0.072   0.08   0.076
0.083   0.077   0.085   0.086   0.083
0.073   0.07   0.074   1.055   0.07
0.071   0.068   0.064   0.064   0.068
0.07   0.146   0.06   0.059   0.058
0.059   9.686   0.515   0.058   0.064
0.058   0.049   0.05   0.049   0.053
0.052   0.051   0.051   0.05   0.055
0.057   0.049   0.051   0.14   0.058
0.06   0.054   0.055   0.051   0.05
0.051   0.137   0.055   0.058   0.056
0.057   0.049   0.05   8.444   0.052
0.056   0.056   0.055   0.049   0.05
0.051   0.087   0.073   0.128   0.054
0.059   0.05   0.051   0.051   0.277
0.093   0.051   0.051   0.05   0.05
0.052   0.049   0.05   0.052   0.049
0.051   0.049   0.049   0.051   0.05
0.051   0.049   0.156   0.057   0.059
0.057   0.055   0.058   0.059   0.055
0.052   0.26   0.051   0.05   0.052
0.051   0.057   0.05   0.051   0.138
0.056   0.051   0.051   0.05   0.05
0.053   0.05   0.051   0.051   0.05
0.074   0.139   0.051   0.05   9.511
0.612   2.648   0.054   0.051   2.451
3.857   0.052   0.16   0.052   0.052
0.052   0.05   0.049   0.049   0.056
0.052   0.05   0.05   0.05   0.05
0.051   0.05   0.052   0.05   0.05
0.051   0.049   0.05   0.05   0.049
0.051   0.05   0.05   0.05   0.049
0.051   0.049   0.05   0.05   0.181
0.056   0.05   11.724   0.893   0.097
0.092   0.19   0.053   0.052   0.051
0.056   0.073   0.052   0.137   0.055
0.06   0.051   0.062   0.057   0.058
0.272   0.054   0.056   0.051   0.051
0.052   0.623   0.054   0.098   0.056
0.053   0.049   0.052   0.051   0.049
0.051   0.05   0.05   0.049   0.051
0.052   0.049   0.049   0.05   0.051
0.054   0.05   0.05   0.051   0.049
0.052   1.582   0.058   0.056   0.158
0.055   0.057   0.054   0.055   0.054
0.057   0.056   0.056   0.22   0.053
0.057   0.05   0.052   0.051   0.054
0.056   0.052   0.055   0.051   0.051
0.054   0.05   0.051   0.05   2.514
0.111   0.049   0.05   0.05   0.055
0.051   0.049   0.051   0.188   0.054
0.053   8.212   0.952   0.053   0.052
0.052   0.185   0.078   0.055   0.058
0.056   0.058   0.051   0.055   0.055
0.055   0.054   0.055   0.056   0.054
0.055   0.054   0.055   0.055   0.056
0.056   0.049   0.05   0.049   0.051
0.11   0.096   0.153   1.297   0.052
0.053   0.05   0.05   0.049   0.744
0.053   0.051   0.051   0.05   0.049
0.051   0.05   0.05   0.05   0.05
0.053   0.05   0.05   0.051   8.29
0.515   0.056   0.056   0.055   0.057
0.055   0.05   0.248   0.053   0.052
0.052   0.051   0.051   0.051   0.05
0.051   0.151   0.051   0.05   0.051
0.051   0.049   0.05   0.05   0.309
9.607   0.052   0.052   0.051   0.051
0.056   0.054   0.057   0.057   0.055
0.051   0.054   0.05   0.206   0.238
0.054   0.051   0.053   0.055   0.053
0.056   0.05   0.051   0.05   0.05
0.051   0.055   0.055   0.05   0.055
0.057   0.06   0.058   0.051   0.052
0.052   0.05   0.346   0.054   0.052
0.074   0.073   0.052   0.05   2.265
0.067   0.063   0.059   0.059   0.06
0.056   0.052   0.052   0.051   0.051
0.052   0.054   0.055   0.051   3.416
0.054   0.05   0.051   0.05   0.05
0.051   0.053   0.059   0.054   0.056
0.056   0.056   0.055   0.051   0.051
0.052   1.505   0.051   0.086   0.059
0.058   0.051   11.443   0.054   0.052
0.053   0.055   0.055   0.055   0.056
-rw-r--r--  1 Jeff  staff  96 Aug 10 00:37 ciphertextcbc.txt
-rw-r--r--  1 Jeff  staff  64 Aug 10 00:37 ciphertextcfb.txt
-rw-r--r--  1 Jeff  staff  64 Aug 10 00:37 ciphertextctr.txt
-rw-r--r--  1 Jeff  staff  96 Aug 10 00:37 ciphertextecb.txt
-rw-r--r--  1 Jeff  staff  64 Aug 10 00:37 ciphertextofb.txt
-rw-r--r--  1 Jeff  staff  32 Aug  9 23:22 plaintext.txt
-rw-r--r--  1 Jeff  staff  32 Aug 10 00:37 plaintextcbc.txt
-rw-r--r--  1 Jeff  staff  32 Aug 10 00:37 plaintextcfb.txt
-rw-r--r--  1 Jeff  staff  32 Aug 10 00:37 plaintextctr.txt
-rw-r--r--  1 Jeff  staff  32 Aug 10 00:37 plaintextecb.txt
-rw-r--r--  1 Jeff  staff  32 Aug 10 00:37 plaintextofb.txt
